"1","2","3","4","5","6","7","8","9","10","11","12","13","14","15","16","17","18","19","20","21","22","23","24","25","26","27"
"2006Q4",0.0302986878806327,0.0302986878806327,0.0302986878806327,0.0302986878806327,0.0291557756014328,0.0291557756014328,0.0291557756014328,0.0291557756014328,0.0418100125085101,0.0418100125085101,0.0418100125085101,0.0418100125085101,0.0426843253231489,0.0426843253231489,0.0426843253231489,0.0426843253231489,0.0406166238016905,0.0406166238016905,0.0406166238016905,0.0406166238016905,0.0385864372114623,0.0302986878806327,0.0291557756014328,0.0418100125085101,0.0426843253231489,0.0406166238016905,0.0385864372114623
"2007Q1",0.0460298076327724,0.0460298076327724,0.0460298076327724,0.0460298076327724,0.04544683571415,0.04544683571415,0.04544683571415,0.04544683571415,0.0316113570134353,0.0316113570134353,0.0316113570134353,0.0316113570134353,0.0376678461736975,0.0376678461736975,0.0376678461736975,0.0376678461736975,0.0287040904727009,0.0287040904727009,0.0287040904727009,0.0287040904727009,0.0263501574831099,0.0460298076327724,0.04544683571415,0.0316113570134353,0.0376678461736975,0.0287040904727009,0.0263501574831099
"2007Q2",0.0597336796414576,0.0597336796414576,0.0597336796414576,0.0597336796414576,0.0612702820313215,0.0612702820313215,0.0612702820313215,0.0612702820313215,0.0235010418937372,0.0235010418937372,0.0235010418937372,0.0235010418937372,0.0234450861098889,0.0234450861098889,0.0234450861098889,0.0234450861098889,0.0209225968405925,0.0209225968405925,0.0209225968405925,0.0209225968405925,0.0278182837075056,0.0597336796414576,0.0612702820313215,0.0235010418937372,0.0234450861098889,0.0209225968405925,0.0278182837075056
"2007Q3",0.01491127228625,0.01491127228625,0.01491127228625,0.01491127228625,0.0142846043524827,0.0142846043524827,0.0142846043524827,0.0142846043524827,0.0551484252250887,0.0551484252250887,0.0551484252250887,0.0551484252250887,0.0520303242314422,0.0520303242314422,0.0520303242314422,0.0520303242314422,0.040509243143147,0.040509243143147,0.040509243143147,0.040509243143147,0.0577903269039734,0.01491127228625,0.0142846043524827,0.0551484252250887,0.0520303242314422,0.040509243143147,0.0577903269039734
"2007Q4",0.0381236865813102,0.0381236865813102,0.0381236865813102,0.0381236865813102,0.0379894115398508,0.0379894115398508,0.0379894115398508,0.0379894115398508,0.038321776488393,0.038321776488393,0.038321776488393,0.038321776488393,0.0388553189582329,0.0388553189582329,0.0388553189582329,0.0388553189582329,0.0364708814817602,0.0364708814817602,0.0364708814817602,0.0364708814817602,0.0255973123761323,0.0381236865813102,0.0379894115398508,0.038321776488393,0.0388553189582329,0.0364708814817602,0.0255973123761323
"2008Q1",0.0517542925042006,0.0517542925042006,0.0517542925042006,0.0517542925042006,0.0581126899353853,0.0581126899353853,0.0581126899353853,0.0581126899353853,0.0343660745632665,0.0343660745632665,0.0343660745632665,0.0343660745632665,0.0259799678127425,0.0259799678127425,0.0259799678127425,0.0259799678127425,0.0183959447871654,0.0183959447871654,0.0183959447871654,0.0183959447871654,0.0284775759930993,0.0517542925042006,0.0581126899353853,0.0343660745632665,0.0259799678127425,0.0183959447871654,0.0284775759930993
"2008Q2",0.0391782410605857,0.0391782410605857,0.0391782410605857,0.0391782410605857,0.0404314347251208,0.0404314347251208,0.0404314347251208,0.0404314347251208,0.0374960707290818,0.0374960707290818,0.0374960707290818,0.0374960707290818,0.03643054972301,0.03643054972301,0.03643054972301,0.03643054972301,0.0338754478401333,0.0338754478401333,0.0338754478401333,0.0338754478401333,0.0314706398051711,0.0391782410605857,0.0404314347251208,0.0374960707290818,0.03643054972301,0.0338754478401333,0.0314706398051711
"2008Q3",0.036383553232682,0.036383553232682,0.036383553232682,0.036383553232682,0.0358082547783299,0.0358082547783299,0.0358082547783299,0.0358082547783299,0.0271820519311461,0.0271820519311461,0.0271820519311461,0.0271820519311461,0.029577493768337,0.029577493768337,0.029577493768337,0.029577493768337,0.0580668921685801,0.0580668921685801,0.0580668921685801,0.0580668921685801,0.0324543853023122,0.036383553232682,0.0358082547783299,0.0271820519311461,0.029577493768337,0.0580668921685801,0.0324543853023122
"2008Q4",0.0447881409914456,0.0447881409914456,0.0447881409914456,0.0447881409914456,0.0412063735617265,0.0412063735617265,0.0412063735617265,0.0412063735617265,0.0309395706690749,0.0309395706690749,0.0309395706690749,0.0309395706690749,0.0406339661510255,0.0406339661510255,0.0406339661510255,0.0406339661510255,0.0299717126840807,0.0299717126840807,0.0299717126840807,0.0299717126840807,0.0311505898566169,0.0447881409914456,0.0412063735617265,0.0309395706690749,0.0406339661510255,0.0299717126840807,0.0311505898566169
"2009Q1",0.0404312667841182,0.0404312667841182,0.0404312667841182,0.0404312667841182,0.0420322319737593,0.0420322319737593,0.0420322319737593,0.0420322319737593,0.0367642551140687,0.0367642551140687,0.0367642551140687,0.0367642551140687,0.0338250252802402,0.0338250252802402,0.0338250252802402,0.0338250252802402,0.0344710900742424,0.0344710900742424,0.0344710900742424,0.0344710900742424,0.0311903269339278,0.0404312667841182,0.0420322319737593,0.0367642551140687,0.0338250252802402,0.0344710900742424,0.0311903269339278
"2009Q2",0.0369174695488964,0.0369174695488964,0.0369174695488964,0.0369174695488964,0.0357268132980114,0.0357268132980114,0.0357268132980114,0.0357268132980114,0.0428437002746913,0.0428437002746913,0.0428437002746913,0.0428437002746913,0.0448545789172133,0.0448545789172133,0.0448545789172133,0.0448545789172133,0.0314004329946435,0.0314004329946435,0.0314004329946435,0.0314004329946435,0.0206425124163598,0.0369174695488964,0.0357268132980114,0.0428437002746913,0.0448545789172133,0.0314004329946435,0.0206425124163598
"2009Q3",0.0393764892230243,0.0393764892230243,0.0393764892230243,0.0393764892230243,0.0411804504133193,0.0411804504133193,0.0411804504133193,0.0411804504133193,0.0367216957181076,0.0367216957181076,0.0367216957181076,0.0367216957181076,0.0355437597937566,0.0355437597937566,0.0355437597937566,0.0355437597937566,0.0342619767942451,0.0342619767942451,0.0342619767942451,0.0342619767942451,0.0322890701438676,0.0393764892230243,0.0411804504133193,0.0367216957181076,0.0355437597937566,0.0342619767942451,0.0322890701438676
"2009Q4",0.0449341618325476,0.0449341618325476,0.0449341618325476,0.0449341618325476,0.0422665120611048,0.0422665120611048,0.0422665120611048,0.0422665120611048,0.0204894722885131,0.0204894722885131,0.0204894722885131,0.0204894722885131,0.027213307171397,0.027213307171397,0.027213307171397,0.027213307171397,0.0389139088832763,0.0389139088832763,0.0389139088832763,0.0389139088832763,0.065456594407903,0.0449341618325476,0.0422665120611048,0.0204894722885131,0.027213307171397,0.0389139088832763,0.065456594407903
"2010Q1",0.0381838674975021,0.0381838674975021,0.0381838674975021,0.0381838674975021,0.0374639881311204,0.0374639881311204,0.0374639881311204,0.0374639881311204,0.0369203415188944,0.0369203415188944,0.0369203415188944,0.0369203415188944,0.0381491299656301,0.0381491299656301,0.0381491299656301,0.0381491299656301,0.0358953654386734,0.0358953654386734,0.0358953654386734,0.0358953654386734,0.0334682686204487,0.0381838674975021,0.0374639881311204,0.0369203415188944,0.0381491299656301,0.0358953654386734,0.0334682686204487
"2010Q2",0.0529077758274518,0.0529077758274518,0.0529077758274518,0.0529077758274518,0.0450845329508195,0.0450845329508195,0.0450845329508195,0.0450845329508195,0.0279064928987266,0.0279064928987266,0.0279064928987266,0.0279064928987266,0.0448797689604318,0.0448797689604318,0.0448797689604318,0.0448797689604318,0.024458032726609,0.024458032726609,0.024458032726609,0.024458032726609,0.0119084915899031,0.0529077758274518,0.0450845329508195,0.0279064928987266,0.0448797689604318,0.024458032726609,0.0119084915899031
"2010Q3",0.0425353626817543,0.0425353626817543,0.0425353626817543,0.0425353626817543,0.0463078059429645,0.0463078059429645,0.0463078059429645,0.0463078059429645,0.039312908297565,0.039312908297565,0.039312908297565,0.039312908297565,0.0317546429379802,0.0317546429379802,0.0317546429379802,0.0317546429379802,0.0345394371518579,0.0345394371518579,0.0345394371518579,0.0345394371518579,0.0138746074696954,0.0425353626817543,0.0463078059429645,0.039312908297565,0.0317546429379802,0.0345394371518579,0.0138746074696954
"2010Q4",0.0307849062997651,0.0307849062997651,0.0307849062997651,0.0307849062997651,0.034614143786412,0.034614143786412,0.034614143786412,0.034614143786412,0.0366394906114146,0.0366394906114146,0.0366394906114146,0.0366394906114146,0.0283061741052953,0.0283061741052953,0.0283061741052953,0.0283061741052953,0.0511997542125308,0.0511997542125308,0.0511997542125308,0.0511997542125308,0.0461388274614555,0.0307849062997651,0.034614143786412,0.0366394906114146,0.0283061741052953,0.0511997542125308,0.0461388274614555
"2011Q1",0.0457667854568458,0.0457667854568458,0.0457667854568458,0.0457667854568458,0.0454150240534723,0.0454150240534723,0.0454150240534723,0.0454150240534723,0.0391030610464707,0.0391030610464707,0.0391030610464707,0.0391030610464707,0.0405429522959424,0.0405429522959424,0.0405429522959424,0.0405429522959424,0.0198149323136581,0.0198149323136581,0.0198149323136581,0.0198149323136581,0.0233931120840266,0.0457667854568458,0.0454150240534723,0.0391030610464707,0.0405429522959424,0.0198149323136581,0.0233931120840266
"2011Q2",0.0469789120310446,0.0469789120310446,0.0469789120310446,0.0469789120310446,0.0468380868274024,0.0468380868274024,0.0468380868274024,0.0468380868274024,0.0318946991139488,0.0318946991139488,0.0318946991139488,0.0318946991139488,0.0311602241163275,0.0311602241163275,0.0311602241163275,0.0311602241163275,0.0297457524813975,0.0297457524813975,0.0297457524813975,0.0297457524813975,0.0334558135746979,0.0469789120310446,0.0468380868274024,0.0318946991139488,0.0311602241163275,0.0297457524813975,0.0334558135746979
"2011Q3",0.0415515261644044,0.0415515261644044,0.0415515261644044,0.0415515261644044,0.0405265750947477,0.0405265750947477,0.0405265750947477,0.0405265750947477,0.0361388142214258,0.0361388142214258,0.0361388142214258,0.0361388142214258,0.036322381665914,0.036322381665914,0.036322381665914,0.036322381665914,0.0329509967862995,0.0329509967862995,0.0329509967862995,0.0329509967862995,0.0312742651680216,0.0415515261644044,0.0405265750947477,0.0361388142214258,0.036322381665914,0.0329509967862995,0.0312742651680216
