"1","2","3","4","5","6","7","8","9","10","11","12","13","14","15","16","17","18","19","20","21","22","23","24","25","26","27"
"2006Q4",0.0399105860497988,0.0399105860497988,0.0399105860497988,0.0399105860497988,0.0412773444089454,0.0412773444089454,0.0412773444089454,0.0412773444089454,0.0397247595707784,0.0397247595707784,0.0397247595707784,0.0397247595707784,0.0318318197311016,0.0318318197311016,0.0318318197311016,0.0318318197311016,0.0312144178110346,0.0312144178110346,0.0312144178110346,0.0312144178110346,0.040102681070853,0.0399105860497988,0.0412773444089454,0.0397247595707784,0.0318318197311016,0.0312144178110346,0.040102681070853
"2007Q1",0.0379393401539808,0.0379393401539808,0.0379393401539808,0.0379393401539808,0.0391697709023044,0.0391697709023044,0.0391697709023044,0.0391697709023044,0.0378069023140313,0.0378069023140313,0.0378069023140313,0.0378069023140313,0.0368303449263263,0.0368303449263263,0.0368303449263263,0.0368303449263263,0.0354346915180159,0.0354346915180159,0.0354346915180159,0.0354346915180159,0.0320473754633532,0.0379393401539808,0.0391697709023044,0.0378069023140313,0.0368303449263263,0.0354346915180159,0.0320473754633532
"2007Q2",0.0376147309268115,0.0376147309268115,0.0376147309268115,0.0376147309268115,0.0378331583467794,0.0378331583467794,0.0378331583467794,0.0378331583467794,0.0329675240704891,0.0329675240704891,0.0329675240704891,0.0329675240704891,0.0372814230990307,0.0372814230990307,0.0372814230990307,0.0372814230990307,0.0390208454361987,0.0390208454361987,0.0390208454361987,0.0390208454361987,0.0382057953017266,0.0376147309268115,0.0378331583467794,0.0329675240704891,0.0372814230990307,0.0390208454361987,0.0382057953017266
"2007Q3",0.0414913150129037,0.0414913150129037,0.0414913150129037,0.0414913150129037,0.0418193262455598,0.0418193262455598,0.0418193262455598,0.0418193262455598,0.0398138638620635,0.0398138638620635,0.0398138638620635,0.0398138638620635,0.0402824756796109,0.0402824756796109,0.0402824756796109,0.0402824756796109,0.0298171485995334,0.0298171485995334,0.0298171485995334,0.0298171485995334,0.0169396765008218,0.0414913150129037,0.0418193262455598,0.0398138638620635,0.0402824756796109,0.0298171485995334,0.0169396765008218
"2007Q4",0.0348139869734573,0.0348139869734573,0.0348139869734573,0.0348139869734573,0.0356712111906741,0.0356712111906741,0.0356712111906741,0.0356712111906741,0.0445594726339682,0.0445594726339682,0.0445594726339682,0.0445594726339682,0.0372901740983029,0.0372901740983029,0.0372901740983029,0.0372901740983029,0.0332621717113267,0.0332621717113267,0.0332621717113267,0.0332621717113267,0.0360074584806767,0.0348139869734573,0.0356712111906741,0.0445594726339682,0.0372901740983029,0.0332621717113267,0.0360074584806767
"2008Q1",0.0398201849487198,0.0398201849487198,0.0398201849487198,0.0398201849487198,0.0394104457925823,0.0394104457925823,0.0394104457925823,0.0394104457925823,0.0266331386872165,0.0266331386872165,0.0266331386872165,0.0266331386872165,0.0329194178377458,0.0329194178377458,0.0329194178377458,0.0329194178377458,0.0364861081331764,0.0364861081331764,0.0364861081331764,0.0364861081331764,0.0618267615013979,0.0398201849487198,0.0394104457925823,0.0266331386872165,0.0329194178377458,0.0364861081331764,0.0618267615013979
"2008Q2",0.0358529007236663,0.0358529007236663,0.0358529007236663,0.0358529007236663,0.038491014218403,0.038491014218403,0.038491014218403,0.038491014218403,0.0226882026173152,0.0226882026173152,0.0226882026173152,0.0226882026173152,0.0351350036806516,0.0351350036806516,0.0351350036806516,0.0351350036806516,0.0507468144636464,0.0507468144636464,0.0507468144636464,0.0507468144636464,0.0427151607407938,0.0358529007236663,0.038491014218403,0.0226882026173152,0.0351350036806516,0.0507468144636464,0.0427151607407938
"2008Q3",0.0379061570433347,0.0379061570433347,0.0379061570433347,0.0379061570433347,0.037983074509051,0.037983074509051,0.037983074509051,0.037983074509051,0.038596129044293,0.038596129044293,0.038596129044293,0.038596129044293,0.0385217430936836,0.0385217430936836,0.0385217430936836,0.0385217430936836,0.0356963918861002,0.0356963918861002,0.0356963918861002,0.0356963918861002,0.0282412610588435,0.0379061570433347,0.037983074509051,0.038596129044293,0.0385217430936836,0.0356963918861002,0.0282412610588435
"2008Q4",0.0396119273753157,0.0396119273753157,0.0396119273753157,0.0396119273753157,0.0388818971149722,0.0388818971149722,0.0388818971149722,0.0388818971149722,0.036135280953756,0.036135280953756,0.036135280953756,0.036135280953756,0.0338076045043546,0.0338076045043546,0.0338076045043546,0.0338076045043546,0.0392257560497606,0.0392257560497606,0.0392257560497606,0.0392257560497606,0.0308438350046022,0.0396119273753157,0.0388818971149722,0.036135280953756,0.0338076045043546,0.0392257560497606,0.0308438350046022
"2009Q1",0.0246396705341928,0.0246396705341928,0.0246396705341928,0.0246396705341928,0.0238912955834755,0.0238912955834755,0.0238912955834755,0.0238912955834755,0.0318632828534579,0.0318632828534579,0.0318632828534579,0.0318632828534579,0.0238682892504524,0.0238682892504524,0.0238682892504524,0.0238682892504524,0.063226476989098,0.063226476989098,0.063226476989098,0.063226476989098,0.0812774619733084,0.0246396705341928,0.0238912955834755,0.0318632828534579,0.0238682892504524,0.063226476989098,0.0812774619733084
"2009Q2",0.0505538564654556,0.0505538564654556,0.0505538564654556,0.0505538564654556,0.0508179806358904,0.0508179806358904,0.0508179806358904,0.0508179806358904,0.035722080473214,0.035722080473214,0.035722080473214,0.035722080473214,0.040819066364058,0.040819066364058,0.040819066364058,0.040819066364058,0.0166304148069638,0.0166304148069638,0.0166304148069638,0.0166304148069638,0.0136415031360454,0.0505538564654556,0.0508179806358904,0.035722080473214,0.040819066364058,0.0166304148069638,0.0136415031360454
"2009Q3",0.0364242113446505,0.0364242113446505,0.0364242113446505,0.0364242113446505,0.0364072146612269,0.0364072146612269,0.0364072146612269,0.0364072146612269,0.0422015762648625,0.0422015762648625,0.0422015762648625,0.0422015762648625,0.0410765955738713,0.0410765955738713,0.0410765955738713,0.0410765955738713,0.0318969804097864,0.0318969804097864,0.0318969804097864,0.0318969804097864,0.0299835543640061,0.0364242113446505,0.0364072146612269,0.0422015762648625,0.0410765955738713,0.0318969804097864,0.0299835543640061
"2009Q4",0.0452442883242179,0.0452442883242179,0.0452442883242179,0.0452442883242179,0.0453573789384637,0.0453573789384637,0.0453573789384637,0.0453573789384637,0.0386470553978663,0.0386470553978663,0.0386470553978663,0.0386470553978663,0.0382423462892444,0.0382423462892444,0.0382423462892444,0.0382423462892444,0.025017504118359,0.025017504118359,0.025017504118359,0.025017504118359,0.018728567329622,0.0452442883242179,0.0453573789384637,0.0386470553978663,0.0382423462892444,0.025017504118359,0.018728567329622
"2010Q1",0.0385646279618991,0.0385646279618991,0.0385646279618991,0.0385646279618991,0.0388220590097696,0.0388220590097696,0.0388220590097696,0.0388220590097696,0.0383316207138915,0.0383316207138915,0.0383316207138915,0.0383316207138915,0.0385314227535713,0.0385314227535713,0.0385314227535713,0.0385314227535713,0.0328947683392462,0.0328947683392462,0.0328947683392462,0.0328947683392462,0.0321387530540557,0.0385646279618991,0.0388220590097696,0.0383316207138915,0.0385314227535713,0.0328947683392462,0.0321387530540557
"2010Q2",0.041590328758291,0.041590328758291,0.041590328758291,0.041590328758291,0.0416648834855903,0.0416648834855903,0.0416648834855903,0.0416648834855903,0.0353045406709297,0.0353045406709297,0.0353045406709297,0.0353045406709297,0.0357779161183324,0.0357779161183324,0.0357779161183324,0.0357779161183324,0.0325533142531639,0.0325533142531639,0.0325533142531639,0.0325533142531639,0.0327725417842318,0.041590328758291,0.0416648834855903,0.0353045406709297,0.0357779161183324,0.0325533142531639,0.0327725417842318
"2010Q3",0.0392103879988711,0.0392103879988711,0.0392103879988711,0.0392103879988711,0.0392082224951344,0.0392082224951344,0.0392082224951344,0.0392082224951344,0.0415336836515204,0.0415336836515204,0.0415336836515204,0.0415336836515204,0.0416119790955944,0.0416119790955944,0.0416119790955944,0.0416119790955944,0.0306570028854787,0.0306570028854787,0.0306570028854787,0.0306570028854787,0.0194468096835026,0.0392103879988711,0.0392082224951344,0.0415336836515204,0.0416119790955944,0.0306570028854787,0.0194468096835026
"2010Q4",0.0391746425568869,0.0391746425568869,0.0391746425568869,0.0391746425568869,0.0395522556403326,0.0395522556403326,0.0395522556403326,0.0395522556403326,0.0365063798864851,0.0365063798864851,0.0365063798864851,0.0365063798864851,0.033974929473769,0.033974929473769,0.033974929473769,0.033974929473769,0.0370164153950291,0.0370164153950291,0.0370164153950291,0.0370164153950291,0.0344384426187435,0.0391746425568869,0.0395522556403326,0.0365063798864851,0.033974929473769,0.0370164153950291,0.0344384426187435
"2011Q1",0.038935870100954,0.038935870100954,0.038935870100954,0.038935870100954,0.0389494802249276,0.0389494802249276,0.0389494802249276,0.0389494802249276,0.0399665529486825,0.0399665529486825,0.0399665529486825,0.0399665529486825,0.0402065720253035,0.0402065720253035,0.0402065720253035,0.0402065720253035,0.0274474168590424,0.0274474168590424,0.0274474168590424,0.0274474168590424,0.0362352696027251,0.038935870100954,0.0389494802249276,0.0399665529486825,0.0402065720253035,0.0274474168590424,0.0362352696027251
"2011Q2",0.0294826906070972,0.0294826906070972,0.0294826906070972,0.0294826906070972,0.0294812597052984,0.0294812597052984,0.0294812597052984,0.0294812597052984,0.0438167621994271,0.0438167621994271,0.0438167621994271,0.0438167621994271,0.0431999542733779,0.0431999542733779,0.0431999542733779,0.0431999542733779,0.0399665789293598,0.0399665789293598,0.0399665789293598,0.0399665789293598,0.0351318857135989,0.0294826906070972,0.0294812597052984,0.0438167621994271,0.0431999542733779,0.0399665789293598,0.0351318857135989
"2011Q3",0.0325133470772863,0.0325133470772863,0.0325133470772863,0.0325133470772863,0.0326231525662193,0.0326231525662193,0.0326231525662193,0.0326231525662193,0.046385526023038,0.046385526023038,0.046385526023038,0.046385526023038,0.0463673460744492,0.0463673460744492,0.0463673460744492,0.0463673460744492,0.0275970307229208,0.0275970307229208,0.0275970307229208,0.0275970307229208,0.036283993840216,0.0325133470772863,0.0326231525662193,0.046385526023038,0.0463673460744492,0.0275970307229208,0.036283993840216
