"1","2","3","4","5","6","7","8","9","10","11","12","13","14","15","16","17","18","19","20","21","22","23","24","25","26","27"
"2006Q4",0.0401574769689268,0.0401574769689268,0.0401574769689268,0.0401574769689268,0.0384028943189379,0.0384028943189379,0.0384028943189379,0.0384028943189379,0.0367140042322132,0.0367140042322132,0.0367140042322132,0.0367140042322132,0.0382375943113003,0.0382375943113003,0.0382375943113003,0.0382375943113003,0.0349960818464994,0.0349960818464994,0.0349960818464994,0.0349960818464994,0.0287298708053062,0.0401574769689268,0.0384028943189379,0.0367140042322132,0.0382375943113003,0.0349960818464994,0.0287298708053062
"2007Q1",0.0345731893952973,0.0345731893952973,0.0345731893952973,0.0345731893952973,0.0375063193777843,0.0375063193777843,0.0375063193777843,0.0375063193777843,0.039524282167657,0.039524282167657,0.039524282167657,0.039524282167657,0.0387959817771491,0.0387959817771491,0.0387959817771491,0.0387959817771491,0.0398388018145791,0.0398388018145791,0.0398388018145791,0.0398388018145791,0.0244035636688333,0.0345731893952973,0.0375063193777843,0.039524282167657,0.0387959817771491,0.0398388018145791,0.0244035636688333
"2007Q2",0.0350308297604585,0.0350308297604585,0.0350308297604585,0.0350308297604585,0.0403465025195944,0.0403465025195944,0.0403465025195944,0.0403465025195944,0.0398911475142919,0.0398911475142919,0.0398911475142919,0.0398911475142919,0.0346883339277575,0.0346883339277575,0.0346883339277575,0.0346883339277575,0.0406578999362646,0.0406578999362646,0.0406578999362646,0.0406578999362646,0.0234632158540826,0.0350308297604585,0.0403465025195944,0.0398911475142919,0.0346883339277575,0.0406578999362646,0.0234632158540826
"2007Q3",0.0411174435714008,0.0411174435714008,0.0411174435714008,0.0411174435714008,0.0387699887282041,0.0387699887282041,0.0387699887282041,0.0387699887282041,0.0378001276398285,0.0378001276398285,0.0378001276398285,0.0378001276398285,0.0385302425903424,0.0385302425903424,0.0385302425903424,0.0385302425903424,0.0378793779629819,0.0378793779629819,0.0378793779629819,0.0378793779629819,0.0147570487681058,0.0411174435714008,0.0387699887282041,0.0378001276398285,0.0385302425903424,0.0378793779629819,0.0147570487681058
"2007Q4",0.0281500683143598,0.0281500683143598,0.0281500683143598,0.0281500683143598,0.0439879408203494,0.0439879408203494,0.0439879408203494,0.0439879408203494,0.0404473030227177,0.0404473030227177,0.0404473030227177,0.0404473030227177,0.0250334128390314,0.0250334128390314,0.0250334128390314,0.0250334128390314,0.0383781273920752,0.0383781273920752,0.0383781273920752,0.0383781273920752,0.0600078690286664,0.0281500683143598,0.0439879408203494,0.0404473030227177,0.0250334128390314,0.0383781273920752,0.0600078690286664
"2008Q1",0.0369218395889599,0.0369218395889599,0.0369218395889599,0.0369218395889599,0.0328215568383361,0.0328215568383361,0.0328215568383361,0.0328215568383361,0.0379265763904473,0.0379265763904473,0.0379265763904473,0.0379265763904473,0.0423126423558606,0.0423126423558606,0.0423126423558606,0.0423126423558606,0.0380521541736945,0.0380521541736945,0.0380521541736945,0.0380521541736945,0.0299130766317539,0.0369218395889599,0.0328215568383361,0.0379265763904473,0.0423126423558606,0.0380521541736945,0.0299130766317539
"2008Q2",0.0616936574406978,0.0616936574406978,0.0616936574406978,0.0616936574406978,0.0154199429863652,0.0154199429863652,0.0154199429863652,0.0154199429863652,0.0189384540231406,0.0189384540231406,0.0189384540231406,0.0189384540231406,0.0670343114052569,0.0670343114052569,0.0670343114052569,0.0670343114052569,0.018800373845857,0.018800373845857,0.018800373845857,0.018800373845857,0.0452831507467062,0.0616936574406978,0.0154199429863652,0.0189384540231406,0.0670343114052569,0.018800373845857,0.0452831507467062
"2008Q3",0.0318662613758087,0.0318662613758087,0.0318662613758087,0.0318662613758087,0.0544956484572311,0.0544956484572311,0.0544956484572311,0.0544956484572311,0.0390899719657198,0.0390899719657198,0.0390899719657198,0.0390899719657198,0.0196900645770102,0.0196900645770102,0.0196900645770102,0.0196900645770102,0.0394149689560321,0.0394149689560321,0.0394149689560321,0.0394149689560321,0.0386077116704952,0.0318662613758087,0.0544956484572311,0.0390899719657198,0.0196900645770102,0.0394149689560321,0.0386077116704952
"2008Q4",0.0380444337861258,0.0380444337861258,0.0380444337861258,0.0380444337861258,0.0368137550268674,0.0368137550268674,0.0368137550268674,0.0368137550268674,0.0379604528781653,0.0379604528781653,0.0379604528781653,0.0379604528781653,0.0397759388413411,0.0397759388413411,0.0397759388413411,0.0397759388413411,0.0400119724651832,0.0400119724651832,0.0400119724651832,0.0400119724651832,0.0184836175057931,0.0380444337861258,0.0368137550268674,0.0379604528781653,0.0397759388413411,0.0400119724651832,0.0184836175057931
"2009Q1",0.0307966217801181,0.0307966217801181,0.0307966217801181,0.0307966217801181,0.0346837778318223,0.0346837778318223,0.0346837778318223,0.0346837778318223,0.0413157422974751,0.0413157422974751,0.0413157422974751,0.0413157422974751,0.0393611744193562,0.0393611744193562,0.0393611744193562,0.0393611744193562,0.041875047310073,0.041875047310073,0.041875047310073,0.041875047310073,0.0299190909028884,0.0307966217801181,0.0346837778318223,0.0413157422974751,0.0393611744193562,0.041875047310073,0.0299190909028884
"2009Q2",0.0712580427587244,0.0712580427587244,0.0712580427587244,0.0712580427587244,0.0229903953068938,0.0229903953068938,0.0229903953068938,0.0229903953068938,0.0177916892071423,0.0177916892071423,0.0177916892071423,0.0177916892071423,0.0597175045402185,0.0597175045402185,0.0597175045402185,0.0597175045402185,0.0197050805189467,0.0197050805189467,0.0197050805189467,0.0197050805189467,0.021343219170186,0.0712580427587244,0.0229903953068938,0.0177916892071423,0.0597175045402185,0.0197050805189467,0.021343219170186
"2009Q3",0.0417427949822531,0.0417427949822531,0.0417427949822531,0.0417427949822531,0.0420367740828211,0.0420367740828211,0.0420367740828211,0.0420367740828211,0.0388606835572833,0.0388606835572833,0.0388606835572833,0.0388606835572833,0.0380815767719555,0.0380815767719555,0.0380815767719555,0.0380815767719555,0.038121125510148,0.038121125510148,0.038121125510148,0.038121125510148,0.00289261273884767,0.0417427949822531,0.0420367740828211,0.0388606835572833,0.0380815767719555,0.038121125510148,0.00289261273884767
"2009Q4",0.0387789839774407,0.0387789839774407,0.0387789839774407,0.0387789839774407,0.0372395937475168,0.0372395937475168,0.0372395937475168,0.0372395937475168,0.037061539250197,0.037061539250197,0.037061539250197,0.037061539250197,0.0386758350147017,0.0386758350147017,0.0386758350147017,0.0386758350147017,0.0370905704298889,0.0370905704298889,0.0370905704298889,0.0370905704298889,0.027883693950637,0.0387789839774407,0.0372395937475168,0.037061539250197,0.0386758350147017,0.0370905704298889,0.027883693950637
"2010Q1",0.038243463114343,0.038243463114343,0.038243463114343,0.038243463114343,0.034435520944987,0.034435520944987,0.034435520944987,0.034435520944987,0.0378303071718452,0.0378303071718452,0.0378303071718452,0.0378303071718452,0.0410029422187581,0.0410029422187581,0.0410029422187581,0.0410029422187581,0.0390815778196164,0.0390815778196164,0.0390815778196164,0.0390815778196164,0.0235154718261258,0.038243463114343,0.034435520944987,0.0378303071718452,0.0410029422187581,0.0390815778196164,0.0235154718261258
"2010Q2",0.0384625632467714,0.0384625632467714,0.0384625632467714,0.0384625632467714,0.0374305921128485,0.0374305921128485,0.0374305921128485,0.0374305921128485,0.0361225143307991,0.0361225143307991,0.0361225143307991,0.0361225143307991,0.0393451653828233,0.0393451653828233,0.0393451653828233,0.0393451653828233,0.037278836007488,0.037278836007488,0.037278836007488,0.037278836007488,0.0284008222981741,0.0384625632467714,0.0374305921128485,0.0361225143307991,0.0393451653828233,0.037278836007488,0.0284008222981741
"2010Q3",0.0403040137963228,0.0403040137963228,0.0403040137963228,0.0403040137963228,0.0343941166791906,0.0343941166791906,0.0343941166791906,0.0343941166791906,0.0330556006785079,0.0330556006785079,0.0330556006785079,0.0330556006785079,0.0390004179655229,0.0390004179655229,0.0390004179655229,0.0390004179655229,0.0324204536213554,0.0324204536213554,0.0324204536213554,0.0324204536213554,0.0520634931477507,0.0403040137963228,0.0343941166791906,0.0330556006785079,0.0390004179655229,0.0324204536213554,0.0520634931477507
"2010Q4",0.0284059344115344,0.0284059344115344,0.0284059344115344,0.0284059344115344,0.0393092516679625,0.0393092516679625,0.0393092516679625,0.0393092516679625,0.0412486656190917,0.0412486656190917,0.0412486656190917,0.0412486656190917,0.0316520480506611,0.0316520480506611,0.0316520480506611,0.0316520480506611,0.0450754489882229,0.0450754489882229,0.0450754489882229,0.0450754489882229,0.0357716281563185,0.0284059344115344,0.0393092516679625,0.0412486656190917,0.0316520480506611,0.0450754489882229,0.0357716281563185
"2011Q1",0.0371552602065155,0.0371552602065155,0.0371552602065155,0.0371552602065155,0.0362800322873483,0.0362800322873483,0.0362800322873483,0.0362800322873483,0.0380632137022695,0.0380632137022695,0.0380632137022695,0.0380632137022695,0.0393552261699706,0.0393552261699706,0.0393552261699706,0.0393552261699706,0.0376893086823652,0.0376893086823652,0.0376893086823652,0.0376893086823652,0.0286423973788271,0.0371552602065155,0.0362800322873483,0.0380632137022695,0.0393552261699706,0.0376893086823652,0.0286423973788271
"2011Q2",0.0371725990898316,0.0371725990898316,0.0371725990898316,0.0371725990898316,0.0386684327703589,0.0386684327703589,0.0386684327703589,0.0386684327703589,0.0385573382237231,0.0385573382237231,0.0385573382237231,0.0385573382237231,0.0366826805297885,0.0366826805297885,0.0366826805297885,0.0366826805297885,0.0385213829896068,0.0385213829896068,0.0385213829896068,0.0385213829896068,0.0259939159917278,0.0371725990898316,0.0386684327703589,0.0385573382237231,0.0366826805297885,0.0385213829896068,0.0259939159917278
"2011Q3",0.0206554847238993,0.0206554847238993,0.0206554847238993,0.0206554847238993,0.0282397040073847,0.0282397040073847,0.0282397040073847,0.0282397040073847,0.0336160145156494,0.0336160145156494,0.0336160145156494,0.0336160145156494,0.025423582142052,0.025423582142052,0.025423582142052,0.025423582142052,0.038351523877404,0.038351523877404,0.038351523877404,0.038351523877404,0.134284226834026,0.0206554847238993,0.0282397040073847,0.0336160145156494,0.025423582142052,0.038351523877404,0.134284226834026
