"1","2","3","4","5","6","7","8","9","10","11","12","13","14","15","16","17","18","19","20","21","22","23","24","25","26","27"
"2006Q4",0.0361761892380989,0.0361761892380989,0.0361761892380989,0.0361761892380989,0.0379322340980317,0.0379322340980317,0.0379322340980317,0.0379322340980317,0.0370797693075679,0.0370797693075679,0.0370797693075679,0.0370797693075679,0.03869705493915,0.03869705493915,0.03869705493915,0.03869705493915,0.0369007513806702,0.0369007513806702,0.0369007513806702,0.0369007513806702,0.0330350025912033,0.0361761892380989,0.0379322340980317,0.0370797693075679,0.03869705493915,0.0369007513806702,0.0330350025912033
"2007Q1",0.0780330435768921,0.0780330435768921,0.0780330435768921,0.0780330435768921,0.0134430285129195,0.0134430285129195,0.0134430285129195,0.0134430285129195,0.0134407475014322,0.0134407475014322,0.0134407475014322,0.0134407475014322,0.0754660650388358,0.0754660650388358,0.0754660650388358,0.0754660650388358,0.0126389893195856,0.0126389893195856,0.0126389893195856,0.0126389893195856,0.0174453151258369,0.0780330435768921,0.0134430285129195,0.0134407475014322,0.0754660650388358,0.0126389893195856,0.0174453151258369
"2007Q2",0.0539064558778211,0.0539064558778211,0.0539064558778211,0.0539064558778211,0.0297327304010451,0.0297327304010451,0.0297327304010451,0.0297327304010451,0.0269771821658769,0.0269771821658769,0.0269771821658769,0.0269771821658769,0.0539592407245732,0.0539592407245732,0.0539592407245732,0.0539592407245732,0.0262977267600675,0.0262977267600675,0.0262977267600675,0.0262977267600675,0.0228166601765407,0.0539064558778211,0.0297327304010451,0.0269771821658769,0.0539592407245732,0.0262977267600675,0.0228166601765407
"2007Q3",0.0396474886056201,0.0396474886056201,0.0396474886056201,0.0396474886056201,0.0359949646769781,0.0359949646769781,0.0359949646769781,0.0359949646769781,0.0376364426631693,0.0376364426631693,0.0376364426631693,0.0376364426631693,0.03550241379789,0.03550241379789,0.03550241379789,0.03550241379789,0.037969622885857,0.037969622885857,0.037969622885857,0.037969622885857,0.0331226684262138,0.0396474886056201,0.0359949646769781,0.0376364426631693,0.03550241379789,0.037969622885857,0.0331226684262138
"2007Q4",0.0406576978431604,0.0406576978431604,0.0406576978431604,0.0406576978431604,0.0327912875183115,0.0327912875183115,0.0327912875183115,0.0327912875183115,0.0374242414023151,0.0374242414023151,0.0374242414023151,0.0374242414023151,0.0346123484271849,0.0346123484271849,0.0346123484271849,0.0346123484271849,0.0372043443367449,0.0372043443367449,0.0372043443367449,0.0372043443367449,0.0432752011807081,0.0406576978431604,0.0327912875183115,0.0374242414023151,0.0346123484271849,0.0372043443367449,0.0432752011807081
"2008Q1",0.0600264473016182,0.0600264473016182,0.0600264473016182,0.0600264473016182,0.0271392996320261,0.0271392996320261,0.0271392996320261,0.0271392996320261,0.0259491709516256,0.0259491709516256,0.0259491709516256,0.0259491709516256,0.0573191354382837,0.0573191354382837,0.0573191354382837,0.0573191354382837,0.0254204362452368,0.0254204362452368,0.0254204362452368,0.0254204362452368,0.010363776078024,0.0600264473016182,0.0271392996320261,0.0259491709516256,0.0573191354382837,0.0254204362452368,0.010363776078024
"2008Q2",0.0358718233512221,0.0358718233512221,0.0358718233512221,0.0358718233512221,0.0386455894562039,0.0386455894562039,0.0386455894562039,0.0386455894562039,0.0377641571976266,0.0377641571976266,0.0377641571976266,0.0377641571976266,0.0364805882649494,0.0364805882649494,0.0364805882649494,0.0364805882649494,0.0378590417998623,0.0378590417998623,0.0378590417998623,0.0378590417998623,0.0334469998253392,0.0358718233512221,0.0386455894562039,0.0377641571976266,0.0364805882649494,0.0378590417998623,0.0334469998253392
"2008Q3",0.0390595834271692,0.0390595834271692,0.0390595834271692,0.0390595834271692,0.0372780004348141,0.0372780004348141,0.0372780004348141,0.0372780004348141,0.0352014627231999,0.0352014627231999,0.0352014627231999,0.0352014627231999,0.0424322069873967,0.0424322069873967,0.0424322069873967,0.0424322069873967,0.0352967420628914,0.0352967420628914,0.0352967420628914,0.0352967420628914,0.0268300109113219,0.0390595834271692,0.0372780004348141,0.0352014627231999,0.0424322069873967,0.0352967420628914,0.0268300109113219
"2008Q4",0.0397426561310326,0.0397426561310326,0.0397426561310326,0.0397426561310326,0.0351983162063157,0.0351983162063157,0.0351983162063157,0.0351983162063157,0.034691215399952,0.034691215399952,0.034691215399952,0.034691215399952,0.0396768252769889,0.0396768252769889,0.0396768252769889,0.0396768252769889,0.0355173836894025,0.0355173836894025,0.0355173836894025,0.0355173836894025,0.0379340082407708,0.0397426561310326,0.0351983162063157,0.034691215399952,0.0396768252769889,0.0355173836894025,0.0379340082407708
"2009Q1",0.00918826809780882,0.00918826809780882,0.00918826809780882,0.00918826809780882,0.0558176083778379,0.0558176083778379,0.0558176083778379,0.0558176083778379,0.0557766964942228,0.0557766964942228,0.0557766964942228,0.0557766964942228,0.0119301628499652,0.0119301628499652,0.0119301628499652,0.0119301628499652,0.0561153684823581,0.0561153684823581,0.0561153684823581,0.0561153684823581,0.027929739244518,0.00918826809780882,0.0558176083778379,0.0557766964942228,0.0119301628499652,0.0561153684823581,0.027929739244518
"2009Q2",0.0319838606995117,0.0319838606995117,0.0319838606995117,0.0319838606995117,0.0398589714581117,0.0398589714581117,0.0398589714581117,0.0398589714581117,0.0378068814870567,0.0378068814870567,0.0378068814870567,0.0378068814870567,0.035559565744136,0.035559565744136,0.035559565744136,0.035559565744136,0.037939830284902,0.037939830284902,0.037939830284902,0.037939830284902,0.0421272258157046,0.0319838606995117,0.0398589714581117,0.0378068814870567,0.035559565744136,0.037939830284902,0.0421272258157046
"2009Q3",0.0421065644955262,0.0421065644955262,0.0421065644955262,0.0421065644955262,0.0335947246063345,0.0335947246063345,0.0335947246063345,0.0335947246063345,0.0320143885000118,0.0320143885000118,0.0320143885000118,0.0320143885000118,0.0424948785953007,0.0424948785953007,0.0424948785953007,0.0424948785953007,0.033226757169988,0.033226757169988,0.033226757169988,0.033226757169988,0.0414067165820971,0.0421065644955262,0.0335947246063345,0.0320143885000118,0.0424948785953007,0.033226757169988,0.0414067165820971
"2009Q4",0.0413514477513934,0.0413514477513934,0.0413514477513934,0.0413514477513934,0.0353408035134805,0.0353408035134805,0.0353408035134805,0.0353408035134805,0.0341608562631926,0.0341608562631926,0.0341608562631926,0.0341608562631926,0.0422641369067241,0.0422641369067241,0.0422641369067241,0.0422641369067241,0.0350663643398864,0.0350663643398864,0.0350663643398864,0.0350663643398864,0.0295409780633076,0.0413514477513934,0.0353408035134805,0.0341608562631926,0.0422641369067241,0.0350663643398864,0.0295409780633076
"2010Q1",0.0635321269794762,0.0635321269794762,0.0635321269794762,0.0635321269794762,0.0185238877269442,0.0185238877269442,0.0185238877269442,0.0185238877269442,0.023912000897371,0.023912000897371,0.023912000897371,0.023912000897371,0.0553868874889126,0.0553868874889126,0.0553868874889126,0.0553868874889126,0.0239749616617081,0.0239749616617081,0.0239749616617081,0.0239749616617081,0.0366753381139695,0.0635321269794762,0.0185238877269442,0.023912000897371,0.0553868874889126,0.0239749616617081,0.0366753381139695
"2010Q2",0.0255649779107308,0.0255649779107308,0.0255649779107308,0.0255649779107308,0.035374011461833,0.035374011461833,0.035374011461833,0.035374011461833,0.053547733710523,0.053547733710523,0.053547733710523,0.053547733710523,0.01455422534153,0.01455422534153,0.01455422534153,0.01455422534153,0.0534976285621412,0.0534976285621412,0.0534976285621412,0.0534976285621412,0.0436535575331051,0.0255649779107308,0.035374011461833,0.053547733710523,0.01455422534153,0.0534976285621412,0.0436535575331051
"2010Q3",0.0457750589070423,0.0457750589070423,0.0457750589070423,0.0457750589070423,0.0357833511202731,0.0357833511202731,0.0357833511202731,0.0357833511202731,0.0261190062559793,0.0261190062559793,0.0261190062559793,0.0261190062559793,0.0517416976078207,0.0517416976078207,0.0517416976078207,0.0517416976078207,0.0260796362095122,0.0260796362095122,0.0260796362095122,0.0260796362095122,0.0362531247484312,0.0457750589070423,0.0357833511202731,0.0261190062559793,0.0517416976078207,0.0260796362095122,0.0362531247484312
"2010Q4",0.0446051574511584,0.0446051574511584,0.0446051574511584,0.0446051574511584,0.0304272943973845,0.0304272943973845,0.0304272943973845,0.0304272943973845,0.0329200973522863,0.0329200973522863,0.0329200973522863,0.0329200973522863,0.0437909645126577,0.0437909645126577,0.0437909645126577,0.0437909645126577,0.0359326866150818,0.0359326866150818,0.0359326866150818,0.0359326866150818,0.0308094991785781,0.0446051574511584,0.0304272943973845,0.0329200973522863,0.0437909645126577,0.0359326866150818,0.0308094991785781
"2011Q1",0.0282436570348107,0.0282436570348107,0.0282436570348107,0.0282436570348107,0.0437247675204952,0.0437247675204952,0.0437247675204952,0.0437247675204952,0.0401109984548378,0.0401109984548378,0.0401109984548378,0.0401109984548378,0.0369097742266875,0.0369097742266875,0.0369097742266875,0.0369097742266875,0.0403612976118153,0.0403612976118153,0.0403612976118153,0.0403612976118153,0.0266237628783839,0.0282436570348107,0.0437247675204952,0.0401109984548378,0.0369097742266875,0.0403612976118153,0.0266237628783839
"2011Q2",0.0523255428630587,0.0523255428630587,0.0523255428630587,0.0523255428630587,0.0369500534405504,0.0369500534405504,0.0369500534405504,0.0369500534405504,0.0297727888834676,0.0297727888834676,0.0297727888834676,0.0297727888834676,0.0481877260189244,0.0481877260189244,0.0481877260189244,0.0481877260189244,0.0301086987049734,0.0301086987049734,0.0301086987049734,0.0301086987049734,0.00663797522256381,0.0523255428630587,0.0369500534405504,0.0297727888834676,0.0481877260189244,0.0301086987049734,0.00663797522256381
"2011Q3",0.0492124576650189,0.0492124576650189,0.0492124576650189,0.0492124576650189,0.0267213003490146,0.0267213003490146,0.0267213003490146,0.0267213003490146,0.0247758974852011,0.0247758974852011,0.0247758974852011,0.0247758974852011,0.0491620254114591,0.0491620254114591,0.0491620254114591,0.0491620254114591,0.0303870695288356,0.0303870695288356,0.0303870695288356,0.0303870695288356,0.0493531239011769,0.0492124576650189,0.0267213003490146,0.0247758974852011,0.0491620254114591,0.0303870695288356,0.0493531239011769
