"1","2","3","4","5","6","7","8","9","10","11","12","13","14","15","16","17","18","19","20","21","22","23","24","25","26","27"
"2006Q4",0.0480902384016733,0.0480902384016733,0.0480902384016733,0.0480902384016733,0.0311298286594861,0.0311298286594861,0.0311298286594861,0.0311298286594861,0.0307701687740328,0.0307701687740328,0.0307701687740328,0.0307701687740328,0.0474541486392653,0.0474541486392653,0.0474541486392653,0.0474541486392653,0.0307893157163848,0.0307893157163848,0.0307893157163848,0.0307893157163848,0.0294157495228942,0.0480902384016733,0.0311298286594861,0.0307701687740328,0.0474541486392653,0.0307893157163848,0.0294157495228942
"2007Q1",0.0398863690136951,0.0398863690136951,0.0398863690136951,0.0398863690136951,0.0358232416882285,0.0358232416882285,0.0358232416882285,0.0358232416882285,0.0362080196771641,0.0362080196771641,0.0362080196771641,0.0362080196771641,0.0430730210034015,0.0430730210034015,0.0430730210034015,0.0430730210034015,0.0353532400493816,0.0353532400493816,0.0353532400493816,0.0353532400493816,0.0241402714203229,0.0398863690136951,0.0358232416882285,0.0362080196771641,0.0430730210034015,0.0353532400493816,0.0241402714203229
"2007Q2",0.0467666660609994,0.0467666660609994,0.0467666660609994,0.0467666660609994,0.0333784757870769,0.0333784757870769,0.0333784757870769,0.0333784757870769,0.0322648812738665,0.0322648812738665,0.0322648812738665,0.0322648812738665,0.0457939997217573,0.0457939997217573,0.0457939997217573,0.0457939997217573,0.0311747591077051,0.0311747591077051,0.0311747591077051,0.0311747591077051,0.0265530451214872,0.0467666660609994,0.0333784757870769,0.0322648812738665,0.0457939997217573,0.0311747591077051,0.0265530451214872
"2007Q3",0.0485131570408768,0.0485131570408768,0.0485131570408768,0.0485131570408768,0.0310755178491461,0.0310755178491461,0.0310755178491461,0.0310755178491461,0.0347264578708528,0.0347264578708528,0.0347264578708528,0.0347264578708528,0.0434010432865136,0.0434010432865136,0.0434010432865136,0.0434010432865136,0.0335142221689721,0.0335142221689721,0.0335142221689721,0.0335142221689721,0.0219240044590968,0.0485131570408768,0.0310755178491461,0.0347264578708528,0.0434010432865136,0.0335142221689721,0.0219240044590968
"2007Q4",0.0440425157062248,0.0440425157062248,0.0440425157062248,0.0440425157062248,0.0361871874207336,0.0361871874207336,0.0361871874207336,0.0361871874207336,0.0351297433139668,0.0351297433139668,0.0351297433139668,0.0351297433139668,0.0426452359988388,0.0426452359988388,0.0426452359988388,0.0426452359988388,0.0291891920125042,0.0291891920125042,0.0291891920125042,0.0291891920125042,0.0320153138693295,0.0440425157062248,0.0361871874207336,0.0351297433139668,0.0426452359988388,0.0291891920125042,0.0320153138693295
"2008Q1",0.06003668491328,0.06003668491328,0.06003668491328,0.06003668491328,0.0251423051377921,0.0251423051377921,0.0251423051377921,0.0251423051377921,0.0225534233168791,0.0225534233168791,0.0225534233168791,0.0225534233168791,0.0590251164480175,0.0590251164480175,0.0590251164480175,0.0590251164480175,0.0209003040168001,0.0209003040168001,0.0209003040168001,0.0209003040168001,0.0308554154180779,0.06003668491328,0.0251423051377921,0.0225534233168791,0.0590251164480175,0.0209003040168001,0.0308554154180779
"2008Q2",0.0767012437513401,0.0767012437513401,0.0767012437513401,0.0767012437513401,0.0204379066017343,0.0204379066017343,0.0204379066017343,0.0204379066017343,0.0166720453678967,0.0166720453678967,0.0166720453678967,0.0166720453678967,0.0728318146653376,0.0728318146653376,0.0728318146653376,0.0728318146653376,0.011523061486695,0.011523061486695,0.011523061486695,0.011523061486695,0.0045848203174906,0.0767012437513401,0.0204379066017343,0.0166720453678967,0.0728318146653376,0.011523061486695,0.0045848203174906
"2008Q3",0.0348573411138776,0.0348573411138776,0.0348573411138776,0.0348573411138776,0.021716505814763,0.021716505814763,0.021716505814763,0.021716505814763,0.0402117501705048,0.0402117501705048,0.0402117501705048,0.0402117501705048,0.0512694932795343,0.0512694932795343,0.0512694932795343,0.0512694932795343,0.0384338900506021,0.0384338900506021,0.0384338900506021,0.0384338900506021,0.0337775489267956,0.0348573411138776,0.021716505814763,0.0402117501705048,0.0512694932795343,0.0384338900506021,0.0337775489267956
"2008Q4",0.0461084342533292,0.0461084342533292,0.0461084342533292,0.0461084342533292,0.0338089686150044,0.0338089686150044,0.0338089686150044,0.0338089686150044,0.0323802967984368,0.0323802967984368,0.0323802967984368,0.0323802967984368,0.0452910486151119,0.0452910486151119,0.0452910486151119,0.0452910486151119,0.0316848582679748,0.0316848582679748,0.0316848582679748,0.0316848582679748,0.0268159836253573,0.0461084342533292,0.0338089686150044,0.0323802967984368,0.0452910486151119,0.0316848582679748,0.0268159836253573
"2009Q1",0.0181147636378943,0.0181147636378943,0.0181147636378943,0.0181147636378943,0.0556972460481732,0.0556972460481732,0.0556972460481732,0.0556972460481732,0.051209374480567,0.051209374480567,0.051209374480567,0.051209374480567,0.0169708386588263,0.0169708386588263,0.0169708386588263,0.0169708386588263,0.042926736553314,0.042926736553314,0.042926736553314,0.042926736553314,0.0377026015530629,0.0181147636378943,0.0556972460481732,0.051209374480567,0.0169708386588263,0.042926736553314,0.0377026015530629
"2009Q2",0.0355992718859191,0.0355992718859191,0.0355992718859191,0.0355992718859191,0.0409259072040038,0.0409259072040038,0.0409259072040038,0.0409259072040038,0.0332837892923742,0.0332837892923742,0.0332837892923742,0.0332837892923742,0.0313907213236541,0.0313907213236541,0.0313907213236541,0.0313907213236541,0.0402053394308935,0.0402053394308935,0.0402053394308935,0.0402053394308935,0.0464874271578883,0.0355992718859191,0.0409259072040038,0.0332837892923742,0.0313907213236541,0.0402053394308935,0.0464874271578883
"2009Q3",0.0319163047257481,0.0319163047257481,0.0319163047257481,0.0319163047257481,0.0271260498971461,0.0271260498971461,0.0271260498971461,0.0271260498971461,0.0380291784714287,0.0380291784714287,0.0380291784714287,0.0380291784714287,0.0410094166060705,0.0410094166060705,0.0410094166060705,0.0410094166060705,0.0419162044671619,0.0419162044671619,0.0419162044671619,0.0419162044671619,0.0500071145811116,0.0319163047257481,0.0271260498971461,0.0380291784714287,0.0410094166060705,0.0419162044671619,0.0500071145811116
"2009Q4",0.0719964808128861,0.0719964808128861,0.0719964808128861,0.0719964808128861,0.0114581486144848,0.0114581486144848,0.0114581486144848,0.0114581486144848,0.0140577883123469,0.0140577883123469,0.0140577883123469,0.0140577883123469,0.0712344864493659,0.0712344864493659,0.0712344864493659,0.0712344864493659,0.015788428076778,0.015788428076778,0.015788428076778,0.015788428076778,0.0386616693353456,0.0719964808128861,0.0114581486144848,0.0140577883123469,0.0712344864493659,0.015788428076778,0.0386616693353456
"2010Q1",0.0591786498045385,0.0591786498045385,0.0591786498045385,0.0591786498045385,0.0276940260433539,0.0276940260433539,0.0276940260433539,0.0276940260433539,0.0208406750886233,0.0208406750886233,0.0208406750886233,0.0208406750886233,0.0576824143065349,0.0576824143065349,0.0576824143065349,0.0576824143065349,0.022814571207108,0.022814571207108,0.022814571207108,0.022814571207108,0.0294741588746034,0.0591786498045385,0.0276940260433539,0.0208406750886233,0.0576824143065349,0.022814571207108,0.0294741588746034
"2010Q2",0.0433022214339931,0.0433022214339931,0.0433022214339931,0.0433022214339931,0.0348861341728184,0.0348861341728184,0.0348861341728184,0.0348861341728184,0.0341775944146076,0.0341775944146076,0.0341775944146076,0.0341775944146076,0.0442510047767006,0.0442510047767006,0.0442510047767006,0.0442510047767006,0.0322326271428743,0.0322326271428743,0.0322326271428743,0.0322326271428743,0.0278760451475152,0.0433022214339931,0.0348861341728184,0.0341775944146076,0.0442510047767006,0.0322326271428743,0.0278760451475152
"2010Q3",0.0519848717217903,0.0519848717217903,0.0519848717217903,0.0519848717217903,0.0477913480185072,0.0477913480185072,0.0477913480185072,0.0477913480185072,0.0293170541762573,0.0293170541762573,0.0293170541762573,0.0293170541762573,0.0356366459444998,0.0356366459444998,0.0356366459444998,0.0356366459444998,0.0267201166852444,0.0267201166852444,0.0267201166852444,0.0267201166852444,0.0213749086342525,0.0519848717217903,0.0477913480185072,0.0293170541762573,0.0356366459444998,0.0267201166852444,0.0213749086342525
"2010Q4",0.0382440388634603,0.0382440388634603,0.0382440388634603,0.0382440388634603,0.0347774137415775,0.0347774137415775,0.0347774137415775,0.0347774137415775,0.0347653494780398,0.0347653494780398,0.0347653494780398,0.0347653494780398,0.0387840410042359,0.0387840410042359,0.0387840410042359,0.0387840410042359,0.0407975203743966,0.0407975203743966,0.0407975203743966,0.0407975203743966,0.0315790913457246,0.0382440388634603,0.0347774137415775,0.0347653494780398,0.0387840410042359,0.0407975203743966,0.0315790913457246
"2011Q1",0.0357407433982627,0.0357407433982627,0.0357407433982627,0.0357407433982627,0.0383037716717628,0.0383037716717628,0.0383037716717628,0.0383037716717628,0.0362989192514554,0.0362989192514554,0.0362989192514554,0.0362989192514554,0.033356566176227,0.033356566176227,0.033356566176227,0.033356566176227,0.0405384888046589,0.0405384888046589,0.0405384888046589,0.0405384888046589,0.039403776744083,0.0357407433982627,0.0383037716717628,0.0362989192514554,0.033356566176227,0.0405384888046589,0.039403776744083
"2011Q2",0.0231724728152392,0.0231724728152392,0.0231724728152392,0.0231724728152392,0.049576027564187,0.049576027564187,0.049576027564187,0.049576027564187,0.0481065778019203,0.0481065778019203,0.0481065778019203,0.0481065778019203,0.0251522837347677,0.0251522837347677,0.0251522837347677,0.0251522837347677,0.047574197160505,0.047574197160505,0.047574197160505,0.047574197160505,0.0160461023084521,0.0231724728152392,0.049576027564187,0.0481065778019203,0.0251522837347677,0.047574197160505,0.0160461023084521
"2011Q3",0.0596026113811926,0.0596026113811926,0.0596026113811926,0.0596026113811926,0.0348723447023231,0.0348723447023231,0.0348723447023231,0.0348723447023231,0.0190231599652608,0.0190231599652608,0.0190231599652608,0.0190231599652608,0.0459010870678954,0.0459010870678954,0.0459010870678954,0.0459010870678954,0.0344234561984684,0.0344234561984684,0.0344234561984684,0.0344234561984684,0.0154433517121491,0.0596026113811926,0.0348723447023231,0.0190231599652608,0.0459010870678954,0.0344234561984684,0.0154433517121491
