"1","2","3","4","5","6","7","8","9","10","11","12","13","14","15","16","17","18","19","20","21","22","23","24","25","26","27"
"2006Q4",0.0386296555186928,0.0386296555186928,0.0386296555186928,0.0386296555186928,0.0386096997242822,0.0386096997242822,0.0386096997242822,0.0386096997242822,0.0386189366065978,0.0386189366065978,0.0386189366065978,0.0386189366065978,0.0387312152007038,0.0387312152007038,0.0387312152007038,0.0387312152007038,0.0329360436802294,0.0329360436802294,0.0329360436802294,0.0329360436802294,0.0311861231737351,0.0386296555186928,0.0386096997242822,0.0386189366065978,0.0387312152007038,0.0329360436802294,0.0311861231737351
"2007Q1",0.0435390315082093,0.0435390315082093,0.0435390315082093,0.0435390315082093,0.0318647852822096,0.0318647852822096,0.0318647852822096,0.0318647852822096,0.0317657465029587,0.0317657465029587,0.0317657465029587,0.0317657465029587,0.0435872062420086,0.0435872062420086,0.0435872062420086,0.0435872062420086,0.0336968362987575,0.0336968362987575,0.0336968362987575,0.0336968362987575,0.0388659854146407,0.0435390315082093,0.0318647852822096,0.0317657465029587,0.0435872062420086,0.0336968362987575,0.0388659854146407
"2007Q2",0.0349522242349634,0.0349522242349634,0.0349522242349634,0.0349522242349634,0.0366307457080794,0.0366307457080794,0.0366307457080794,0.0366307457080794,0.0366741334615892,0.0366741334615892,0.0366741334615892,0.0366741334615892,0.0347907612088372,0.0347907612088372,0.0347907612088372,0.0347907612088372,0.0436067995145279,0.0436067995145279,0.0436067995145279,0.0436067995145279,0.0333633396800076,0.0349522242349634,0.0366307457080794,0.0366741334615892,0.0347907612088372,0.0436067995145279,0.0333633396800076
"2007Q3",0.0332906647394685,0.0332906647394685,0.0332906647394685,0.0332906647394685,0.034770835265234,0.034770835265234,0.034770835265234,0.034770835265234,0.0350605711620116,0.0350605711620116,0.0350605711620116,0.0350605711620116,0.0323547445055595,0.0323547445055595,0.0323547445055595,0.0323547445055595,0.0450096526253053,0.0450096526253053,0.0450096526253053,0.0450096526253053,0.0487838292560527,0.0332906647394685,0.034770835265234,0.0350605711620116,0.0323547445055595,0.0450096526253053,0.0487838292560527
"2007Q4",0.0452257134185701,0.0452257134185701,0.0452257134185701,0.0452257134185701,0.0417912484631154,0.0417912484631154,0.0417912484631154,0.0417912484631154,0.0432010311459652,0.0432010311459652,0.0432010311459652,0.0432010311459652,0.043499473246766,0.043499473246766,0.043499473246766,0.043499473246766,0.0196610448304181,0.0196610448304181,0.0196610448304181,0.0196610448304181,0.0165537222379129,0.0452257134185701,0.0417912484631154,0.0432010311459652,0.043499473246766,0.0196610448304181,0.0165537222379129
"2008Q1",0.0389252344092771,0.0389252344092771,0.0389252344092771,0.0389252344092771,0.0369227106036278,0.0369227106036278,0.0369227106036278,0.0369227106036278,0.0368094452077677,0.0368094452077677,0.0368094452077677,0.0368094452077677,0.0390151650925798,0.0390151650925798,0.0390151650925798,0.0390151650925798,0.0347633090449818,0.0347633090449818,0.0347633090449818,0.0347633090449818,0.0339103391044146,0.0389252344092771,0.0369227106036278,0.0368094452077677,0.0390151650925798,0.0347633090449818,0.0339103391044146
"2008Q2",0.032201640569279,0.032201640569279,0.032201640569279,0.032201640569279,0.0354300610457079,0.0354300610457079,0.0354300610457079,0.0354300610457079,0.0353921260099952,0.0353921260099952,0.0353921260099952,0.0353921260099952,0.0324630532651701,0.0324630532651701,0.0324630532651701,0.0324630532651701,0.0426440594914408,0.0426440594914408,0.0426440594914408,0.0426440594914408,0.0546726490460178,0.032201640569279,0.0354300610457079,0.0353921260099952,0.0324630532651701,0.0426440594914408,0.0546726490460178
"2008Q3",0.0383082511144301,0.0383082511144301,0.0383082511144301,0.0383082511144301,0.0370608397109812,0.0370608397109812,0.0370608397109812,0.0370608397109812,0.0371397796328539,0.0371397796328539,0.0371397796328539,0.0371397796328539,0.0382838882237735,0.0382838882237735,0.0382838882237735,0.0382838882237735,0.0359959583255702,0.0359959583255702,0.0359959583255702,0.0359959583255702,0.0330282074809778,0.0383082511144301,0.0370608397109812,0.0371397796328539,0.0382838882237735,0.0359959583255702,0.0330282074809778
"2008Q4",0.0498457288356508,0.0498457288356508,0.0498457288356508,0.0498457288356508,0.0459673183113163,0.0459673183113163,0.0459673183113163,0.0459673183113163,0.0457365534556824,0.0457365534556824,0.0457365534556824,0.0457365534556824,0.0500662861666406,0.0500662861666406,0.0500662861666406,0.0500662861666406,0.0060227864024892,0.0060227864024892,0.0060227864024892,0.0060227864024892,0.0059033170705515,0.0498457288356508,0.0459673183113163,0.0457365534556824,0.0500662861666406,0.0060227864024892,0.0059033170705515
"2009Q1",0.0399722033019859,0.0399722033019859,0.0399722033019859,0.0399722033019859,0.0388220678097507,0.0388220678097507,0.0388220678097507,0.0388220678097507,0.038572273231263,0.038572273231263,0.038572273231263,0.038572273231263,0.0402603339011921,0.0402603339011921,0.0402603339011921,0.0402603339011921,0.0327531648296221,0.0327531648296221,0.0327531648296221,0.0327531648296221,0.0240498923154656,0.0399722033019859,0.0388220678097507,0.038572273231263,0.0402603339011921,0.0327531648296221,0.0240498923154656
"2009Q2",0.0393677908469457,0.0393677908469457,0.0393677908469457,0.0393677908469457,0.0384158094716386,0.0384158094716386,0.0384158094716386,0.0384158094716386,0.038202808524674,0.038202808524674,0.038202808524674,0.038202808524674,0.0396499577406449,0.0396499577406449,0.0396499577406449,0.0396499577406449,0.032608331553184,0.032608331553184,0.032608331553184,0.032608331553184,0.0293882546572821,0.0393677908469457,0.0384158094716386,0.038202808524674,0.0396499577406449,0.032608331553184,0.0293882546572821
"2009Q3",0.0348711298505794,0.0348711298505794,0.0348711298505794,0.0348711298505794,0.0397982628724105,0.0397982628724105,0.0397982628724105,0.0397982628724105,0.0393594306607969,0.0393594306607969,0.0393594306607969,0.0393594306607969,0.0363093931480246,0.0363093931480246,0.0363093931480246,0.0363093931480246,0.0358404796112484,0.0358404796112484,0.0358404796112484,0.0358404796112484,0.0345532596423505,0.0348711298505794,0.0397982628724105,0.0393594306607969,0.0363093931480246,0.0358404796112484,0.0345532596423505
"2009Q4",0.0361743332396677,0.0361743332396677,0.0361743332396677,0.0361743332396677,0.0403765148977786,0.0403765148977786,0.0403765148977786,0.0403765148977786,0.040337193482716,0.040337193482716,0.040337193482716,0.040337193482716,0.0364893107048463,0.0364893107048463,0.0364893107048463,0.0364893107048463,0.0329064035957598,0.0329064035957598,0.0329064035957598,0.0329064035957598,0.0342906101980791,0.0361743332396677,0.0403765148977786,0.040337193482716,0.0364893107048463,0.0329064035957598,0.0342906101980791
"2010Q1",0.0338760847460691,0.0338760847460691,0.0338760847460691,0.0338760847460691,0.0345341421353399,0.0345341421353399,0.0345341421353399,0.0345341421353399,0.0343139555828581,0.0343139555828581,0.0343139555828581,0.0343139555828581,0.0349404193894493,0.0349404193894493,0.0349404193894493,0.0349404193894493,0.0445749316510783,0.0445749316510783,0.0445749316510783,0.0445749316510783,0.0444011662380132,0.0338760847460691,0.0345341421353399,0.0343139555828581,0.0349404193894493,0.0445749316510783,0.0444011662380132
"2010Q2",0.0344532464443708,0.0344532464443708,0.0344532464443708,0.0344532464443708,0.03230085446483,0.03230085446483,0.03230085446483,0.03230085446483,0.0326890675467412,0.0326890675467412,0.0326890675467412,0.0326890675467412,0.0334716632140396,0.0334716632140396,0.0334716632140396,0.0334716632140396,0.0486780873971917,0.0486780873971917,0.0486780873971917,0.0486780873971917,0.0460177023320668,0.0344532464443708,0.03230085446483,0.0326890675467412,0.0334716632140396,0.0486780873971917,0.0460177023320668
"2010Q3",0.0267340070787373,0.0267340070787373,0.0267340070787373,0.0267340070787373,0.0374170933534045,0.0374170933534045,0.0374170933534045,0.0374170933534045,0.0369133425315381,0.0369133425315381,0.0369133425315381,0.0369133425315381,0.0286077138812692,0.0286077138812692,0.0286077138812692,0.0286077138812692,0.0401559487888935,0.0401559487888935,0.0401559487888935,0.0401559487888935,0.0754297359153936,0.0267340070787373,0.0374170933534045,0.0369133425315381,0.0286077138812692,0.0401559487888935,0.0754297359153936
"2010Q4",0.0357923050092669,0.0357923050092669,0.0357923050092669,0.0357923050092669,0.0374332537116873,0.0374332537116873,0.0374332537116873,0.0374332537116873,0.0381646572276741,0.0381646572276741,0.0381646572276741,0.0381646572276741,0.0346877341555882,0.0346877341555882,0.0346877341555882,0.0346877341555882,0.0388808093693095,0.0388808093693095,0.0388808093693095,0.0388808093693095,0.0376031013161852,0.0357923050092669,0.0374332537116873,0.0381646572276741,0.0346877341555882,0.0388808093693095,0.0376031013161852
"2011Q1",0.0370828169816014,0.0370828169816014,0.0370828169816014,0.0370828169816014,0.0356397922538923,0.0356397922538923,0.0356397922538923,0.0356397922538923,0.0355133867732052,0.0355133867732052,0.0355133867732052,0.0355133867732052,0.0380165080691992,0.0380165080691992,0.0380165080691992,0.0380165080691992,0.0382866955467553,0.0382866955467553,0.0382866955467553,0.0382866955467553,0.0386520009383663,0.0370828169816014,0.0356397922538923,0.0355133867732052,0.0380165080691992,0.0382866955467553,0.0386520009383663
"2011Q2",0.0312651840104604,0.0312651840104604,0.0312651840104604,0.0312651840104604,0.0388472264711091,0.0388472264711091,0.0388472264711091,0.0388472264711091,0.0388397732834012,0.0388397732834012,0.0388397732834012,0.0388397732834012,0.0316838504626853,0.0316838504626853,0.0316838504626853,0.0316838504626853,0.0426797577375337,0.0426797577375337,0.0426797577375337,0.0426797577375337,0.0417105200870253,0.0312651840104604,0.0388472264711091,0.0388397732834012,0.0316838504626853,0.0426797577375337,0.0417105200870253
"2011Q3",0.0389369461108773,0.0389369461108773,0.0389369461108773,0.0389369461108773,0.0371048607689763,0.0371048607689763,0.0371048607689763,0.0371048607689763,0.0371750256399764,0.0371750256399764,0.0371750256399764,0.0371750256399764,0.0387426148319268,0.0387426148319268,0.0387426148319268,0.0387426148319268,0.0342992610841137,0.0342992610841137,0.0342992610841137,0.0342992610841137,0.0343532289103235,0.0389369461108773,0.0371048607689763,0.0371750256399764,0.0387426148319268,0.0342992610841137,0.0343532289103235
