"1","2","3","4","5","6","7","8","9","10","11","12","13","14","15","16","17","18","19","20","21","22","23","24","25","26","27"
"2006Q4",0.0508179621289512,0.0508179621289512,0.0508179621289512,0.0508179621289512,0.0305895664939702,0.0305895664939702,0.0305895664939702,0.0305895664939702,0.0232235353810981,0.0232235353810981,0.0232235353810981,0.0232235353810981,0.0507527177961812,0.0507527177961812,0.0507527177961812,0.0507527177961812,0.0287396588923595,0.0287396588923595,0.0287396588923595,0.0287396588923595,0.0396913982685991,0.0508179621289512,0.0305895664939702,0.0232235353810981,0.0507527177961812,0.0287396588923595,0.0396913982685991
"2007Q1",0.0406041586245579,0.0406041586245579,0.0406041586245579,0.0406041586245579,0.0342455368215789,0.0342455368215789,0.0342455368215789,0.0342455368215789,0.0356237287691429,0.0356237287691429,0.0356237287691429,0.0356237287691429,0.0414356112045352,0.0414356112045352,0.0414356112045352,0.0414356112045352,0.0346797398808093,0.0346797398808093,0.0346797398808093,0.0346797398808093,0.0335280617484394,0.0406041586245579,0.0342455368215789,0.0356237287691429,0.0414356112045352,0.0346797398808093,0.0335280617484394
"2007Q2",0.0222412577052775,0.0222412577052775,0.0222412577052775,0.0222412577052775,0.0453309926094971,0.0453309926094971,0.0453309926094971,0.0453309926094971,0.0478015684593791,0.0478015684593791,0.0478015684593791,0.0478015684593791,0.0220886161435554,0.0220886161435554,0.0220886161435554,0.0220886161435554,0.0459066320541664,0.0459066320541664,0.0459066320541664,0.0459066320541664,0.0415773325703112,0.0222412577052775,0.0453309926094971,0.0478015684593791,0.0220886161435554,0.0459066320541664,0.0415773325703112
"2007Q3",0.0533471218747539,0.0533471218747539,0.0533471218747539,0.0533471218747539,0.0117868059877712,0.0117868059877712,0.0117868059877712,0.0117868059877712,0.0213762443324896,0.0213762443324896,0.0213762443324896,0.0213762443324896,0.0628461310804941,0.0628461310804941,0.0628461310804941,0.0628461310804941,0.0196522823947079,0.0196522823947079,0.0196522823947079,0.0196522823947079,0.0774785358244583,0.0533471218747539,0.0117868059877712,0.0213762443324896,0.0628461310804941,0.0196522823947079,0.0774785358244583
"2007Q4",0.0467039770059037,0.0467039770059037,0.0467039770059037,0.0467039770059037,0.0367021865275717,0.0367021865275717,0.0367021865275717,0.0367021865275717,0.0300651640342965,0.0300651640342965,0.0300651640342965,0.0300651640342965,0.0461657671772243,0.0461657671772243,0.0461657671772243,0.0461657671772243,0.0310449537201865,0.0310449537201865,0.0310449537201865,0.0310449537201865,0.023294878837043,0.0467039770059037,0.0367021865275717,0.0300651640342965,0.0461657671772243,0.0310449537201865,0.023294878837043
"2008Q1",0.0470586919432886,0.0470586919432886,0.0470586919432886,0.0470586919432886,0.0358849630395579,0.0358849630395579,0.0358849630395579,0.0358849630395579,0.0344405328568683,0.0344405328568683,0.0344405328568683,0.0344405328568683,0.0477011717042935,0.0477011717042935,0.0477011717042935,0.0477011717042935,0.0276981697417803,0.0276981697417803,0.0276981697417803,0.0276981697417803,0.0180411767855286,0.0470586919432886,0.0358849630395579,0.0344405328568683,0.0477011717042935,0.0276981697417803,0.0180411767855286
"2008Q2",0.0363948848246178,0.0363948848246178,0.0363948848246178,0.0363948848246178,0.0457035164898621,0.0457035164898621,0.0457035164898621,0.0457035164898621,0.0357518819448564,0.0357518819448564,0.0357518819448564,0.0357518819448564,0.0337030434896603,0.0337030434896603,0.0337030434896603,0.0337030434896603,0.0414859591198302,0.0414859591198302,0.0414859591198302,0.0414859591198302,0.0174017853279331,0.0363948848246178,0.0457035164898621,0.0357518819448564,0.0337030434896603,0.0414859591198302,0.0174017853279331
"2008Q3",0.0269207168698665,0.0269207168698665,0.0269207168698665,0.0269207168698665,0.052129599077856,0.052129599077856,0.052129599077856,0.052129599077856,0.0317446543454115,0.0317446543454115,0.0317446543454115,0.0317446543454115,0.0234161278197621,0.0234161278197621,0.0234161278197621,0.0234161278197621,0.0290165934832018,0.0290165934832018,0.0290165934832018,0.0290165934832018,0.0919307710097553,0.0269207168698665,0.052129599077856,0.0317446543454115,0.0234161278197621,0.0290165934832018,0.0919307710097553
"2008Q4",0.0422517998073493,0.0422517998073493,0.0422517998073493,0.0422517998073493,0.036379022941361,0.036379022941361,0.036379022941361,0.036379022941361,0.0342664615221725,0.0342664615221725,0.0342664615221725,0.0342664615221725,0.0424360546666007,0.0424360546666007,0.0424360546666007,0.0424360546666007,0.0333659786876343,0.0333659786876343,0.0333659786876343,0.0333659786876343,0.0282517059372058,0.0422517998073493,0.036379022941361,0.0342664615221725,0.0424360546666007,0.0333659786876343,0.0282517059372058
"2009Q1",0.0468226968514009,0.0468226968514009,0.0468226968514009,0.0468226968514009,0.0376950658645344,0.0376950658645344,0.0376950658645344,0.0376950658645344,0.0278117504451577,0.0278117504451577,0.0278117504451577,0.0278117504451577,0.0465472872095126,0.0465472872095126,0.0465472872095126,0.0465472872095126,0.0314760007873991,0.0314760007873991,0.0314760007873991,0.0314760007873991,0.0241179971049885,0.0468226968514009,0.0376950658645344,0.0278117504451577,0.0465472872095126,0.0314760007873991,0.0241179971049885
"2009Q2",0.0473318090570487,0.0473318090570487,0.0473318090570487,0.0473318090570487,0.0381670101534543,0.0381670101534543,0.0381670101534543,0.0381670101534543,0.0304000687743803,0.0304000687743803,0.0304000687743803,0.0304000687743803,0.0473809348447926,0.0473809348447926,0.0473809348447926,0.0473809348447926,0.0272819670977394,0.0272819670977394,0.0272819670977394,0.0272819670977394,0.0235955251814618,0.0473318090570487,0.0381670101534543,0.0304000687743803,0.0473809348447926,0.0272819670977394,0.0235955251814618
"2009Q3",0.0101532004875484,0.0101532004875484,0.0101532004875484,0.0101532004875484,0.0507812838575002,0.0507812838575002,0.0507812838575002,0.0507812838575002,0.0539342616191804,0.0539342616191804,0.0539342616191804,0.0539342616191804,0.00984790587132595,0.00984790587132595,0.00984790587132595,0.00984790587132595,0.0548480527667705,0.0548480527667705,0.0548480527667705,0.0548480527667705,0.0510882384941863,0.0101532004875484,0.0507812838575002,0.0539342616191804,0.00984790587132595,0.0548480527667705,0.0510882384941863
"2009Q4",0.0443297525719853,0.0443297525719853,0.0443297525719853,0.0443297525719853,0.0357533610875806,0.0357533610875806,0.0357533610875806,0.0357533610875806,0.032597117792165,0.032597117792165,0.032597117792165,0.032597117792165,0.0442475930685771,0.0442475930685771,0.0442475930685771,0.0442475930685771,0.0311758783943783,0.0311758783943783,0.0311758783943783,0.0311758783943783,0.0297407427132839,0.0443297525719853,0.0357533610875806,0.032597117792165,0.0442475930685771,0.0311758783943783,0.0297407427132839
"2010Q1",0.0505374462995849,0.0505374462995849,0.0505374462995849,0.0505374462995849,0.0332957084607992,0.0332957084607992,0.0332957084607992,0.0332957084607992,0.0327492834781579,0.0327492834781579,0.0327492834781579,0.0327492834781579,0.0511212223973788,0.0511212223973788,0.0511212223973788,0.0511212223973788,0.0237809943049853,0.0237809943049853,0.0237809943049853,0.0237809943049853,0.0212883626477348,0.0505374462995849,0.0332957084607992,0.0327492834781579,0.0511212223973788,0.0237809943049853,0.0212883626477348
"2010Q2",0.0588599170904051,0.0588599170904051,0.0588599170904051,0.0588599170904051,0.0182587723188032,0.0182587723188032,0.0182587723188032,0.0182587723188032,0.0282128353431668,0.0282128353431668,0.0282128353431668,0.0282128353431668,0.0623287554046528,0.0623287554046528,0.0623287554046528,0.0623287554046528,0.0274521591858393,0.0274521591858393,0.0274521591858393,0.0274521591858393,0.0122189016428322,0.0588599170904051,0.0182587723188032,0.0282128353431668,0.0623287554046528,0.0274521591858393,0.0122189016428322
"2010Q3",0.0258364343547352,0.0258364343547352,0.0258364343547352,0.0258364343547352,0.048130060631536,0.048130060631536,0.048130060631536,0.048130060631536,0.0420175495265852,0.0420175495265852,0.0420175495265852,0.0420175495265852,0.0237386253646757,0.0237386253646757,0.0237386253646757,0.0237386253646757,0.0428990945051249,0.0428990945051249,0.0428990945051249,0.0428990945051249,0.0434455890433576,0.0258364343547352,0.048130060631536,0.0420175495265852,0.0237386253646757,0.0428990945051249,0.0434455890433576
"2010Q4",0.0419309211011269,0.0419309211011269,0.0419309211011269,0.0419309211011269,0.0354102680155547,0.0354102680155547,0.0354102680155547,0.0354102680155547,0.0331509380603621,0.0331509380603621,0.0331509380603621,0.0331509380603621,0.0416739672573059,0.0416739672573059,0.0416739672573059,0.0416739672573059,0.0354163784614151,0.0354163784614151,0.0354163784614151,0.0354163784614151,0.0310438177605883,0.0419309211011269,0.0354102680155547,0.0331509380603621,0.0416739672573059,0.0354163784614151,0.0310438177605883
"2011Q1",0.0587291819070374,0.0587291819070374,0.0587291819070374,0.0587291819070374,0.0253690764652388,0.0253690764652388,0.0253690764652388,0.0253690764652388,0.0218417110606629,0.0218417110606629,0.0218417110606629,0.0218417110606629,0.0595782321482952,0.0595782321482952,0.0595782321482952,0.0595782321482952,0.0288189120864998,0.0288189120864998,0.0288189120864998,0.0288189120864998,0.0141572158306651,0.0587291819070374,0.0253690764652388,0.0218417110606629,0.0595782321482952,0.0288189120864998,0.0141572158306651
"2011Q2",0.0488370738374477,0.0488370738374477,0.0488370738374477,0.0488370738374477,0.0440851695845046,0.0440851695845046,0.0440851695845046,0.0440851695845046,0.0209891465862299,0.0209891465862299,0.0209891465862299,0.0209891465862299,0.0538428610096697,0.0538428610096697,0.0538428610096697,0.0538428610096697,0.0236867360144828,0.0236867360144828,0.0236867360144828,0.0236867360144828,0.0213975324191632,0.0488370738374477,0.0440851695845046,0.0209891465862299,0.0538428610096697,0.0236867360144828,0.0213975324191632
"2011Q3",0.0430820579988669,0.0430820579988669,0.0430820579988669,0.0430820579988669,0.0194925736984862,0.0194925736984862,0.0194925736984862,0.0194925736984862,0.0388580456522909,0.0388580456522909,0.0388580456522909,0.0388580456522909,0.0464471419868214,0.0464471419868214,0.0464471419868214,0.0464471419868214,0.0375528803554851,0.0375528803554851,0.0375528803554851,0.0375528803554851,0.0364182507701238,0.0430820579988669,0.0194925736984862,0.0388580456522909,0.0464471419868214,0.0375528803554851,0.0364182507701238
