"1","2","3","4","5","6","7","8","9","10","11","12","13","14","15","16","17","18","19","20","21","22","23","24","25","26","27"
"2006Q4",0.0422609328638297,0.0422609328638297,0.0422609328638297,0.0422609328638297,0.0416797317180529,0.0416797317180529,0.0416797317180529,0.0416797317180529,0.0349952823666666,0.0349952823666666,0.0349952823666666,0.0349952823666666,0.0339029206356866,0.0339029206356866,0.0339029206356866,0.0339029206356866,0.0331732050994582,0.0331732050994582,0.0331732050994582,0.0331732050994582,0.0349698182907652,0.0422609328638297,0.0416797317180529,0.0349952823666666,0.0339029206356866,0.0331732050994582,0.0349698182907652
"2007Q1",0.0220611898207759,0.0220611898207759,0.0220611898207759,0.0220611898207759,0.0572211780271288,0.0572211780271288,0.0572211780271288,0.0572211780271288,0.0327392190269693,0.0327392190269693,0.0327392190269693,0.0327392190269693,0.0103782427522941,0.0103782427522941,0.0103782427522941,0.0103782427522941,0.0308474962554147,0.0308474962554147,0.0308474962554147,0.0308474962554147,0.116881685293543,0.0220611898207759,0.0572211780271288,0.0327392190269693,0.0103782427522941,0.0308474962554147,0.116881685293543
"2007Q2",0.0405755913092141,0.0405755913092141,0.0405755913092141,0.0405755913092141,0.035204535122788,0.035204535122788,0.035204535122788,0.035204535122788,0.0376493299023657,0.0376493299023657,0.0376493299023657,0.0376493299023657,0.0427881908108738,0.0427881908108738,0.0427881908108738,0.0427881908108738,0.037429181502986,0.037429181502986,0.037429181502986,0.037429181502986,0.0158829283794311,0.0405755913092141,0.035204535122788,0.0376493299023657,0.0427881908108738,0.037429181502986,0.0158829283794311
"2007Q3",0.0413362467409504,0.0413362467409504,0.0413362467409504,0.0413362467409504,0.0369575381546893,0.0369575381546893,0.0369575381546893,0.0369575381546893,0.0365636249806354,0.0365636249806354,0.0365636249806354,0.0365636249806354,0.0404761856829698,0.0404761856829698,0.0404761856829698,0.0404761856829698,0.0362685470740636,0.0362685470740636,0.0362685470740636,0.0362685470740636,0.0209946434167287,0.0413362467409504,0.0369575381546893,0.0365636249806354,0.0404761856829698,0.0362685470740636,0.0209946434167287
"2007Q4",0.0560856835100261,0.0560856835100261,0.0560856835100261,0.0560856835100261,0.0299119428621575,0.0299119428621575,0.0299119428621575,0.0299119428621575,0.0270506274843962,0.0270506274843962,0.0270506274843962,0.0270506274843962,0.0505316986993551,0.0505316986993551,0.0505316986993551,0.0505316986993551,0.0288753400840847,0.0288753400840847,0.0288753400840847,0.0288753400840847,0.0188617683999508,0.0560856835100261,0.0299119428621575,0.0270506274843962,0.0505316986993551,0.0288753400840847,0.0188617683999508
"2008Q1",0.0384580284741773,0.0384580284741773,0.0384580284741773,0.0384580284741773,0.0387725205202512,0.0387725205202512,0.0387725205202512,0.0387725205202512,0.0398527248485113,0.0398527248485113,0.0398527248485113,0.0398527248485113,0.0404414369823662,0.0404414369823662,0.0404414369823662,0.0404414369823662,0.0380072537828133,0.0380072537828133,0.0380072537828133,0.0380072537828133,0.011170088479702,0.0384580284741773,0.0387725205202512,0.0398527248485113,0.0404414369823662,0.0380072537828133,0.011170088479702
"2008Q2",0.0452457257424757,0.0452457257424757,0.0452457257424757,0.0452457257424757,0.0328507424501959,0.0328507424501959,0.0328507424501959,0.0328507424501959,0.0335394484858938,0.0335394484858938,0.0335394484858938,0.0335394484858938,0.0448521089893241,0.0448521089893241,0.0448521089893241,0.0448521089893241,0.0344241953345911,0.0344241953345911,0.0344241953345911,0.0344241953345911,0.0227194474937985,0.0452457257424757,0.0328507424501959,0.0335394484858938,0.0448521089893241,0.0344241953345911,0.0227194474937985
"2008Q3",0.0367011194251938,0.0367011194251938,0.0367011194251938,0.0367011194251938,0.0394978159566921,0.0394978159566921,0.0394978159566921,0.0394978159566921,0.0401436143582241,0.0401436143582241,0.0401436143582241,0.0401436143582241,0.0381881087250294,0.0381881087250294,0.0381881087250294,0.0381881087250294,0.0433647960314746,0.0433647960314746,0.0433647960314746,0.0433647960314746,0.00526136375846504,0.0367011194251938,0.0394978159566921,0.0401436143582241,0.0381881087250294,0.0433647960314746,0.00526136375846504
"2008Q4",0.0415898753825799,0.0415898753825799,0.0415898753825799,0.0415898753825799,0.0366618756413577,0.0366618756413577,0.0366618756413577,0.0366618756413577,0.0364259019587524,0.0364259019587524,0.0364259019587524,0.0364259019587524,0.0410501796479523,0.0410501796479523,0.0410501796479523,0.0410501796479523,0.0357933059299879,0.0357933059299879,0.0357933059299879,0.0357933059299879,0.0211971535984248,0.0415898753825799,0.0366618756413577,0.0364259019587524,0.0410501796479523,0.0357933059299879,0.0211971535984248
"2009Q1",0.0428717570277114,0.0428717570277114,0.0428717570277114,0.0428717570277114,0.0316167348798597,0.0316167348798597,0.0316167348798597,0.0316167348798597,0.0366134863711393,0.0366134863711393,0.0366134863711393,0.0366134863711393,0.0447341112097443,0.0447341112097443,0.0447341112097443,0.0447341112097443,0.0354315174507847,0.0354315174507847,0.0354315174507847,0.0354315174507847,0.0218309826519014,0.0428717570277114,0.0316167348798597,0.0366134863711393,0.0447341112097443,0.0354315174507847,0.0218309826519014
"2009Q2",0.0435069776459651,0.0435069776459651,0.0435069776459651,0.0435069776459651,0.0268741188889271,0.0268741188889271,0.0268741188889271,0.0268741188889271,0.03493456450005,0.03493456450005,0.03493456450005,0.03493456450005,0.0496377868143029,0.0496377868143029,0.0496377868143029,0.0496377868143029,0.0339681543484795,0.0339681543484795,0.0339681543484795,0.0339681543484795,0.0276959945056889,0.0435069776459651,0.0268741188889271,0.03493456450005,0.0496377868143029,0.0339681543484795,0.0276959945056889
"2009Q3",0.0434303269469763,0.0434303269469763,0.0434303269469763,0.0434303269469763,0.0360310482521899,0.0360310482521899,0.0360310482521899,0.0360310482521899,0.0370097840867281,0.0370097840867281,0.0370097840867281,0.0370097840867281,0.0441719791013412,0.0441719791013412,0.0441719791013412,0.0441719791013412,0.0346237520559023,0.0346237520559023,0.0346237520559023,0.0346237520559023,0.0118327738921554,0.0434303269469763,0.0360310482521899,0.0370097840867281,0.0441719791013412,0.0346237520559023,0.0118327738921554
"2009Q4",0.0384929715185678,0.0384929715185678,0.0384929715185678,0.0384929715185678,0.0337176591544123,0.0337176591544123,0.0337176591544123,0.0337176591544123,0.0361267534341696,0.0361267534341696,0.0361267534341696,0.0361267534341696,0.0410225766011861,0.0410225766011861,0.0410225766011861,0.0410225766011861,0.0393277369457922,0.0393277369457922,0.0393277369457922,0.0393277369457922,0.0282807558646802,0.0384929715185678,0.0337176591544123,0.0361267534341696,0.0410225766011861,0.0393277369457922,0.0282807558646802
"2010Q1",0.0217153345794546,0.0217153345794546,0.0217153345794546,0.0217153345794546,0.0455205489155539,0.0455205489155539,0.0455205489155539,0.0455205489155539,0.0453596632198004,0.0453596632198004,0.0453596632198004,0.0453596632198004,0.032794132464636,0.032794132464636,0.032794132464636,0.032794132464636,0.0452072838839431,0.0452072838839431,0.0452072838839431,0.0452072838839431,0.0235075923415299,0.0217153345794546,0.0455205489155539,0.0453596632198004,0.032794132464636,0.0452072838839431,0.0235075923415299
"2010Q2",0.045498864066522,0.045498864066522,0.045498864066522,0.045498864066522,0.031141714951734,0.031141714951734,0.031141714951734,0.031141714951734,0.0373012559901449,0.0373012559901449,0.0373012559901449,0.0373012559901449,0.0484624747576144,0.0484624747576144,0.0484624747576144,0.0484624747576144,0.035027725989857,0.035027725989857,0.035027725989857,0.035027725989857,0.00641991061031914,0.045498864066522,0.031141714951734,0.0373012559901449,0.0484624747576144,0.035027725989857,0.00641991061031914
"2010Q3",0.0496752804797612,0.0496752804797612,0.0496752804797612,0.0496752804797612,0.0348080566484955,0.0348080566484955,0.0348080566484955,0.0348080566484955,0.030082448088251,0.030082448088251,0.030082448088251,0.030082448088251,0.04181479319855,0.04181479319855,0.04181479319855,0.04181479319855,0.0286121182401735,0.0286121182401735,0.0286121182401735,0.0286121182401735,0.0375182583619221,0.0496752804797612,0.0348080566484955,0.030082448088251,0.04181479319855,0.0286121182401735,0.0375182583619221
"2010Q4",0.0411286111841839,0.0411286111841839,0.0411286111841839,0.0411286111841839,0.0331475558754976,0.0331475558754976,0.0331475558754976,0.0331475558754976,0.0351140371764442,0.0351140371764442,0.0351140371764442,0.0351140371764442,0.0401633680181769,0.0401633680181769,0.0401633680181769,0.0401633680181769,0.0396987810679533,0.0396987810679533,0.0396987810679533,0.0396987810679533,0.0268691166943604,0.0411286111841839,0.0331475558754976,0.0351140371764442,0.0401633680181769,0.0396987810679533,0.0268691166943604
"2011Q1",0.0230953991360098,0.0230953991360098,0.0230953991360098,0.0230953991360098,0.0263782767833337,0.0263782767833337,0.0263782767833337,0.0263782767833337,0.04526085968285,0.04526085968285,0.04526085968285,0.04526085968285,0.0475531344355197,0.0475531344355197,0.0475531344355197,0.0475531344355197,0.0452417848727993,0.0452417848727993,0.0452417848727993,0.0452417848727993,0.0311763627237186,0.0230953991360098,0.0263782767833337,0.04526085968285,0.0475531344355197,0.0452417848727993,0.0311763627237186
"2011Q2",0.0471650119745071,0.0471650119745071,0.0471650119745071,0.0471650119745071,0.0417736503369065,0.0417736503369065,0.0417736503369065,0.0417736503369065,0.0322076451293546,0.0322076451293546,0.0322076451293546,0.0322076451293546,0.0348720117228922,0.0348720117228922,0.0348720117228922,0.0348720117228922,0.0318660915162369,0.0318660915162369,0.0318660915162369,0.0318660915162369,0.0302889733002566,0.0471650119745071,0.0417736503369065,0.0322076451293546,0.0348720117228922,0.0318660915162369,0.0302889733002566
"2011Q3",0.0419232016250072,0.0419232016250072,0.0419232016250072,0.0419232016250072,0.0385889428221795,0.0385889428221795,0.0385889428221795,0.0385889428221795,0.0320339650708626,0.0320339650708626,0.0320339650708626,0.0320339650708626,0.0333641868714975,0.0333641868714975,0.0333641868714975,0.0333641868714975,0.0404767266656044,0.0404767266656044,0.0404767266656044,0.0404767266656044,0.034032442362122,0.0419232016250072,0.0385889428221795,0.0320339650708626,0.0333641868714975,0.0404767266656044,0.034032442362122
