"1","2","3","4","5","6","7","8","9","10","11","12","13","14","15","16","17","18","19","20","21","22","23","24","25","26","27"
"2006Q4",0.0348506975750065,0.0348506975750065,0.0348506975750065,0.0348506975750065,0.0407711575072926,0.0407711575072926,0.0407711575072926,0.0407711575072926,0.0380918819070292,0.0380918819070292,0.0380918819070292,0.0380918819070292,0.0328949271619933,0.0328949271619933,0.0328949271619933,0.0328949271619933,0.0365437490563715,0.0365437490563715,0.0365437490563715,0.0365437490563715,0.0421189669807673,0.0348506975750065,0.0407711575072926,0.0380918819070292,0.0328949271619933,0.0365437490563715,0.0421189669807673
"2007Q1",0.0416607651238404,0.0416607651238404,0.0416607651238404,0.0416607651238404,0.0484445366520454,0.0484445366520454,0.0484445366520454,0.0484445366520454,0.0297530191678541,0.0297530191678541,0.0297530191678541,0.0297530191678541,0.0298786383816424,0.0298786383816424,0.0298786383816424,0.0298786383816424,0.0379263156847366,0.0379263156847366,0.0379263156847366,0.0379263156847366,0.0308418124747027,0.0416607651238404,0.0484445366520454,0.0297530191678541,0.0298786383816424,0.0379263156847366,0.0308418124747027
"2007Q2",0.0587160225979632,0.0587160225979632,0.0587160225979632,0.0587160225979632,0.045919089808919,0.045919089808919,0.045919089808919,0.045919089808919,0.0191697623155401,0.0191697623155401,0.0191697623155401,0.0191697623155401,0.0579181610847334,0.0579181610847334,0.0579181610847334,0.0579181610847334,0.014248018431597,0.014248018431597,0.014248018431597,0.014248018431597,0.0100723644031184,0.0587160225979632,0.045919089808919,0.0191697623155401,0.0579181610847334,0.014248018431597,0.0100723644031184
"2007Q3",0.0457108131386794,0.0457108131386794,0.0457108131386794,0.0457108131386794,0.0311148806420229,0.0311148806420229,0.0311148806420229,0.0311148806420229,0.0336067288174986,0.0336067288174986,0.0336067288174986,0.0336067288174986,0.0430373960482762,0.0430373960482762,0.0430373960482762,0.0430373960482762,0.0350110464306699,0.0350110464306699,0.0350110464306699,0.0350110464306699,0.0287978373071323,0.0457108131386794,0.0311148806420229,0.0336067288174986,0.0430373960482762,0.0350110464306699,0.0287978373071323
"2007Q4",0.041974247830804,0.041974247830804,0.041974247830804,0.041974247830804,0.0372311598217907,0.0372311598217907,0.0372311598217907,0.0372311598217907,0.0341386011005981,0.0341386011005981,0.0341386011005981,0.0341386011005981,0.0418568990076523,0.0418568990076523,0.0418568990076523,0.0418568990076523,0.0324675450748196,0.0324675450748196,0.0324675450748196,0.0324675450748196,0.0308288679108382,0.041974247830804,0.0372311598217907,0.0341386011005981,0.0418568990076523,0.0324675450748196,0.0308288679108382
"2008Q1",0.045684725760905,0.045684725760905,0.045684725760905,0.045684725760905,0.0368037058249525,0.0368037058249525,0.0368037058249525,0.0368037058249525,0.0333254530637401,0.0333254530637401,0.0333254530637401,0.0333254530637401,0.0450232323205148,0.0450232323205148,0.0450232323205148,0.0450232323205148,0.029568321154319,0.029568321154319,0.029568321154319,0.029568321154319,0.0239864046889217,0.045684725760905,0.0368037058249525,0.0333254530637401,0.0450232323205148,0.029568321154319,0.0239864046889217
"2008Q2",0.0283677038346907,0.0283677038346907,0.0283677038346907,0.0283677038346907,0.0110787521846871,0.0110787521846871,0.0110787521846871,0.0110787521846871,0.0503743257680709,0.0503743257680709,0.0503743257680709,0.0503743257680709,0.0657631519997718,0.0657631519997718,0.0657631519997718,0.0657631519997718,0.0367926081247092,0.0367926081247092,0.0367926081247092,0.0367926081247092,0.0190586452201758,0.0283677038346907,0.0110787521846871,0.0503743257680709,0.0657631519997718,0.0367926081247092,0.0190586452201758
"2008Q3",0.0483268752130391,0.0483268752130391,0.0483268752130391,0.0483268752130391,0.0456986192281859,0.0456986192281859,0.0456986192281859,0.0456986192281859,0.0315563218581773,0.0315563218581773,0.0315563218581773,0.0315563218581773,0.042059142865294,0.042059142865294,0.042059142865294,0.042059142865294,0.0252665044713742,0.0252665044713742,0.0252665044713742,0.0252665044713742,0.0177313409098237,0.0483268752130391,0.0456986192281859,0.0315563218581773,0.042059142865294,0.0252665044713742,0.0177313409098237
"2008Q4",0.0327255309004954,0.0327255309004954,0.0327255309004954,0.0327255309004954,0.0341014435152249,0.0341014435152249,0.0341014435152249,0.0341014435152249,0.0393856566880207,0.0393856566880207,0.0393856566880207,0.0393856566880207,0.0362124418368041,0.0362124418368041,0.0362124418368041,0.0362124418368041,0.0404295121337328,0.0404295121337328,0.0404295121337328,0.0404295121337328,0.0428635373143053,0.0327255309004954,0.0341014435152249,0.0393856566880207,0.0362124418368041,0.0404295121337328,0.0428635373143053
"2009Q1",0.021789259378253,0.021789259378253,0.021789259378253,0.021789259378253,0.0698635110710178,0.0698635110710178,0.0698635110710178,0.0698635110710178,0.0389911301291736,0.0389911301291736,0.0389911301291736,0.0389911301291736,0.00848118818582521,0.00848118818582521,0.00848118818582521,0.00848118818582521,0.0445795589339393,0.0445795589339393,0.0445795589339393,0.0445795589339393,0.0407383807544777,0.021789259378253,0.0698635110710178,0.0389911301291736,0.00848118818582521,0.0445795589339393,0.0407383807544777
"2009Q2",0.0178869815535145,0.0178869815535145,0.0178869815535145,0.0178869815535145,0.0134363907447288,0.0134363907447288,0.0134363907447288,0.0134363907447288,0.0541261790054851,0.0541261790054851,0.0541261790054851,0.0541261790054851,0.0403899599916082,0.0403899599916082,0.0403899599916082,0.0403899599916082,0.0499899249146462,0.0499899249146462,0.0499899249146462,0.0499899249146462,0.0604264094750431,0.0178869815535145,0.0134363907447288,0.0541261790054851,0.0403899599916082,0.0499899249146462,0.0604264094750431
"2009Q3",0.036254292410024,0.036254292410024,0.036254292410024,0.036254292410024,0.0497947391810041,0.0497947391810041,0.0497947391810041,0.0497947391810041,0.0343238939163045,0.0343238939163045,0.0343238939163045,0.0343238939163045,0.0289539720373966,0.0289539720373966,0.0289539720373966,0.0289539720373966,0.0420015394595128,0.0420015394595128,0.0420015394595128,0.0420015394595128,0.021678907489395,0.036254292410024,0.0497947391810041,0.0343238939163045,0.0289539720373966,0.0420015394595128,0.021678907489395
"2009Q4",0.0449870872245257,0.0449870872245257,0.0449870872245257,0.0449870872245257,0.0339440188009966,0.0339440188009966,0.0339440188009966,0.0339440188009966,0.0301735239003066,0.0301735239003066,0.0301735239003066,0.0301735239003066,0.0446258396628454,0.0446258396628454,0.0446258396628454,0.0446258396628454,0.0337538232754209,0.0337538232754209,0.0337538232754209,0.0337538232754209,0.0312892678397621,0.0449870872245257,0.0339440188009966,0.0301735239003066,0.0446258396628454,0.0337538232754209,0.0312892678397621
"2010Q1",0.0660836659933105,0.0660836659933105,0.0660836659933105,0.0660836659933105,0.0444034551340597,0.0444034551340597,0.0444034551340597,0.0444034551340597,0.0139909606904442,0.0139909606904442,0.0139909606904442,0.0139909606904442,0.0578361792049596,0.0578361792049596,0.0578361792049596,0.0578361792049596,0.0107238223847607,0.0107238223847607,0.0107238223847607,0.0107238223847607,0.0174047914811631,0.0660836659933105,0.0444034551340597,0.0139909606904442,0.0578361792049596,0.0107238223847607,0.0174047914811631
"2010Q2",0.0401656859741067,0.0401656859741067,0.0401656859741067,0.0401656859741067,0.0490033260641498,0.0490033260641498,0.0490033260641498,0.0490033260641498,0.0319183145681834,0.0319183145681834,0.0319183145681834,0.0319183145681834,0.0286703253981201,0.0286703253981201,0.0286703253981201,0.0286703253981201,0.0352162563727611,0.0352162563727611,0.0352162563727611,0.0352162563727611,0.0375652290566972,0.0401656859741067,0.0490033260641498,0.0319183145681834,0.0286703253981201,0.0352162563727611,0.0375652290566972
"2010Q3",0.04477477058127,0.04477477058127,0.04477477058127,0.04477477058127,0.0389787057733233,0.0389787057733233,0.0389787057733233,0.0389787057733233,0.0317782196048505,0.0317782196048505,0.0317782196048505,0.0317782196048505,0.0431918135177759,0.0431918135177759,0.0431918135177759,0.0431918135177759,0.0284381022069971,0.0284381022069971,0.0284381022069971,0.0284381022069971,0.0320959707894579,0.04477477058127,0.0389787057733233,0.0317782196048505,0.0431918135177759,0.0284381022069971,0.0320959707894579
"2010Q4",0.0452422882215958,0.0452422882215958,0.0452422882215958,0.0452422882215958,0.0325775685196988,0.0325775685196988,0.0325775685196988,0.0325775685196988,0.0317142816590135,0.0317142816590135,0.0317142816590135,0.0317142816590135,0.0437486104718119,0.0437486104718119,0.0437486104718119,0.0437486104718119,0.0336535090166941,0.0336535090166941,0.0336535090166941,0.0336535090166941,0.0326593552779647,0.0452422882215958,0.0325775685196988,0.0317142816590135,0.0437486104718119,0.0336535090166941,0.0326593552779647
"2011Q1",0.045514381666066,0.045514381666066,0.045514381666066,0.045514381666066,0.0442701822723469,0.0442701822723469,0.0442701822723469,0.0442701822723469,0.0216251367427055,0.0216251367427055,0.0216251367427055,0.0216251367427055,0.0475838732778709,0.0475838732778709,0.0475838732778709,0.0475838732778709,0.0277150636299416,0.0277150636299416,0.0277150636299416,0.0277150636299416,0.033228406027673,0.045514381666066,0.0442701822723469,0.0216251367427055,0.0475838732778709,0.0277150636299416,0.033228406027673
"2011Q2",0.0526558743761496,0.0526558743761496,0.0526558743761496,0.0526558743761496,0.0488700962104157,0.0488700962104157,0.0488700962104157,0.0488700962104157,0.0211488404897109,0.0211488404897109,0.0211488404897109,0.0211488404897109,0.0389819114420674,0.0389819114420674,0.0389819114420674,0.0389819114420674,0.0201496757195463,0.0201496757195463,0.0201496757195463,0.0201496757195463,0.0454840044052752,0.0526558743761496,0.0488700962104157,0.0211488404897109,0.0389819114420674,0.0201496757195463,0.0454840044052752
"2011Q3",0.0524418015044574,0.0524418015044574,0.0524418015044574,0.0524418015044574,0.0138194082965082,0.0138194082965082,0.0138194082965082,0.0138194082965082,0.0217206827993872,0.0217206827993872,0.0217206827993872,0.0217206827993872,0.0668192893051775,0.0668192893051775,0.0668192893051775,0.0668192893051775,0.0323878201206855,0.0323878201206855,0.0323878201206855,0.0323878201206855,0.0320274949344606,0.0524418015044574,0.0138194082965082,0.0217206827993872,0.0668192893051775,0.0323878201206855,0.0320274949344606
